00101000111101011100001010001111
00000000000000000000000000000000
00000000000000000000000000000011
00000000000000000000000000001000
00000000000000000000000000111000
11111111111111111111111111111001
11111111111111111111111111110000
11111111111111111111111111010110
11111111111111111111111111111001
11111111111111111111111111101111
11111111111111111111111111010100
11111111111111111111111111111010
11111111111111111111111111110000
11111111111111111111111111010010
11111111111111111111111111111100
11111111111111111111111111110010
11111111111111111111111111010000
00000000000000000000000000000000
11111111111111111111111111110110
11111111111111111111111111001110
00000000000000000000000000000111
11111111111111111111111111111011
11111111111111111111111111001101
00000000000000000000000000010001
00000000000000000000000000000101
11111111111111111111111111001110
00000000000000000000000000011111
00000000000000000000000000010010
11111111111111111111111111010001
00000000000000000000000000110010
00000000000000000000000000100011
11111111111111111111111111010110
00000000000000000000000001001010
00000000000000000000000000111010
11111111111111111111111111011110
00000000000000000000000001101000
00000000000000000000000001010110
11111111111111111111111111101000
00000000000000000000000010001100
00000000000000000000000001110111
11111111111111111111111111110011
00000000000000000000000010110100
00000000000000000000000010011011
11111111111111111111111111111110
00000000000000000000000011100000
00000000000000000000000011000010
00000000000000000000000000000101
00000000000000000000000100001101
00000000000000000000000011101001
00000000000000000000000000000111
00000000000000000000000100111001
00000000000000000000000100001101
11111111111111111111111111111101
00000000000000000000000101100000
00000000000000000000000100101010
11111111111111111111111111100101
00000000000000000000000101111111
00000000000000000000000100111101
11111111111111111111111110111000
00000000000000000000000110010000
00000000000000000000000101000000
11111111111111111111111101110001
00000000000000000000000110010000
00000000000000000000000100101111
11111111111111111111111100001001
00000000000000000000000101111010
00000000000000000000000100000110
11111111111111111111111001111001
00000000000000000000000101001011
00000000000000000000000011000001
11111111111111111111110110111100
00000000000000000000000011111110
00000000000000000000000001011101
11111111111111111111110011001101
00000000000000000000000010010100
11111111111111111111111111011010
11111111111111111111101110100110
00000000000000000000000000001100
11111111111111111111111100111001
11111111111111111111101001000101
11111111111111111111111101101010
11111111111111111111111001111110
11111111111111111111100010101001
11111111111111111111111010110110
11111111111111111111110110110010
11111111111111111111011011010001
11111111111111111111110111111010
11111111111111111111110011100010
11111111111111111111010011000001
11111111111111111111110101001001
11111111111111111111110000100000
11111111111111111111001001111100
11111111111111111111110010111011
11111111111111111111101110001010
11111111111111111111000000001001
11111111111111111111110001110100
11111111111111111111101101000100
11111111111111111110110101110011
11111111111111111111110010100101
11111111111111111111101110001000
11111111111111111110101011000011
11111111111111111111110110010111
11111111111111111111110010100011
11111111111111111110100000000110
11111111111111111111111110110010
11111111111111111111111100001110
11111111111111111110010101001100
00000000000000000000001110011001
00000000000000000000001110000011
11111111111111111110001010100010
00000000000000000000101001010101
00000000000000000000101100111011
11111111111111111110000000011001
00000000000000000001010110111001
00000000000000000001100001101100
11111111111111111101110111000000
00000000000000000010100101000101
00000000000000000010111101111101
11111111111111111101101110100110
00000000000000000100110010000001
00000000000000000101101001100011
11111111111111111101100111011001
00000000000000001001001001101111
00000000000000001011001111111001
11111111111111111101100001100101
00000000000000010011011101111111
00000000000000011001101110011111
11111111111111111101011101010100
00000000000000110101110010010110
00000000000001010100101001010001
11111111111111111101011010101101
00000000000101011101010101110111
00000000010101111000101111001010
00000000011111111111111111111111
00000000010101111000101111001010
00000000000101011101010101110111
11111111111111111101011010101101
00000000000001010100101001010001
00000000000000110101110010010110
11111111111111111101011101010100
00000000000000011001101110011111
00000000000000010011011101111111
11111111111111111101100001100101
00000000000000001011001111111001
00000000000000001001001001101111
11111111111111111101100111011001
00000000000000000101101001100011
00000000000000000100110010000001
11111111111111111101101110100110
00000000000000000010111101111101
00000000000000000010100101000101
11111111111111111101110111000000
00000000000000000001100001101100
00000000000000000001010110111001
11111111111111111110000000011001
00000000000000000000101100111011
00000000000000000000101001010101
11111111111111111110001010100010
00000000000000000000001110000011
00000000000000000000001110011001
11111111111111111110010101001100
11111111111111111111111100001110
11111111111111111111111110110010
11111111111111111110100000000110
11111111111111111111110010100011
11111111111111111111110110010111
11111111111111111110101011000011
11111111111111111111101110001000
11111111111111111111110010100101
11111111111111111110110101110011
11111111111111111111101101000100
11111111111111111111110001110100
11111111111111111111000000001001
11111111111111111111101110001010
11111111111111111111110010111011
11111111111111111111001001111100
11111111111111111111110000100000
11111111111111111111110101001001
11111111111111111111010011000001
11111111111111111111110011100010
11111111111111111111110111111010
11111111111111111111011011010001
11111111111111111111110110110010
11111111111111111111111010110110
11111111111111111111100010101001
11111111111111111111111001111110
11111111111111111111111101101010
11111111111111111111101001000101
11111111111111111111111100111001
00000000000000000000000000001100
11111111111111111111101110100110
11111111111111111111111111011010
00000000000000000000000010010100
11111111111111111111110011001101
00000000000000000000000001011101
00000000000000000000000011111110
11111111111111111111110110111100
00000000000000000000000011000001
00000000000000000000000101001011
11111111111111111111111001111001
00000000000000000000000100000110
00000000000000000000000101111010
11111111111111111111111100001001
00000000000000000000000100101111
00000000000000000000000110010000
11111111111111111111111101110001
00000000000000000000000101000000
00000000000000000000000110010000
11111111111111111111111110111000
00000000000000000000000100111101
00000000000000000000000101111111
11111111111111111111111111100101
00000000000000000000000100101010
00000000000000000000000101100000
11111111111111111111111111111101
00000000000000000000000100001101
00000000000000000000000100111001
00000000000000000000000000000111
00000000000000000000000011101001
00000000000000000000000100001101
00000000000000000000000000000101
00000000000000000000000011000010
00000000000000000000000011100000
11111111111111111111111111111110
00000000000000000000000010011011
00000000000000000000000010110100
11111111111111111111111111110011
00000000000000000000000001110111
00000000000000000000000010001100
11111111111111111111111111101000
00000000000000000000000001010110
00000000000000000000000001101000
11111111111111111111111111011110
00000000000000000000000000111010
00000000000000000000000001001010
11111111111111111111111111010110
00000000000000000000000000100011
00000000000000000000000000110010
11111111111111111111111111010001
00000000000000000000000000010010
00000000000000000000000000011111
11111111111111111111111111001110
00000000000000000000000000000101
00000000000000000000000000010001
11111111111111111111111111001101
11111111111111111111111111111011
00000000000000000000000000000111
11111111111111111111111111001110
11111111111111111111111111110110
00000000000000000000000000000000
11111111111111111111111111010000
11111111111111111111111111110010
11111111111111111111111111111100
11111111111111111111111111010010
11111111111111111111111111110000
11111111111111111111111111111010
11111111111111111111111111010100
11111111111111111111111111101111
11111111111111111111111111111001
11111111111111111111111111010110
11111111111111111111111111110000
11111111111111111111111111111001
00000000000000000000000000000001
00000000000000000000000000001111
00000000000000000000000000000011
00000000000000000000000000000100
00000000000000000000000000110010
00000000000000000000000000001110
00000000000000000000000000000111
11111111111111111111111111110000
00000000000000000000000000010101
00000000000000000000000000001111
11111111111111111111111111110110
00000000000000000000000000011110
00000000000000000000000000010111
11111111111111111111111111111011
00000000000000000000000000101000
00000000000000000000000000100000
11111111111111111111111111111111
00000000000000000000000000110010
00000000000000000000000000101000
00000000000000000000000000000001
00000000000000000000000000111011
00000000000000000000000000101111
11111111111111111111111111111111
00000000000000000000000001000001
00000000000000000000000000110010
11111111111111111111111111111000
00000000000000000000000001000100
00000000000000000000000000110001
11111111111111111111111111101001
00000000000000000000000001000001
00000000000000000000000000101000
11111111111111111111111111010000
00000000000000000000000000110111
00000000000000000000000000011000
11111111111111111111111110101100
00000000000000000000000000100101
11111111111111111111111111111111
11111111111111111111111101111110
00000000000000000000000000001100
11111111111111111111111111100000
11111111111111111111111101000110
11111111111111111111111111101111
11111111111111111111111110111110
11111111111111111111111100001000
11111111111111111111111111010011
11111111111111111111111110011110
11111111111111111111111011001010
11111111111111111111111110111110
11111111111111111111111110000111
11111111111111111111111010010011
11111111111111111111111110111000
11111111111111111111111110000010
11111111111111111111111001101011
11111111111111111111111111001100
11111111111111111111111110011000
11111111111111111111111001011001
00000000000000000000000000000000
11111111111111111111111111010001
11111111111111111111111001100101
00000000000000000000000001011101
00000000000000000000000000110010
11111111111111111111111010010000
00000000000000000000000011100101
00000000000000000000000010111111
11111111111111111111111011011011
00000000000000000000000110010111
00000000000000000000000101110011
11111111111111111111111100111100
00000000000000000000001001101011
00000000000000000000001001000011
11111111111111111111111110100100
00000000000000000000001101010011
00000000000000000000001100011111
11111111111111111111111111111101
00000000000000000000010000110111
00000000000000000000001111101110
00000000000000000000000000101000
00000000000000000000010011111100
00000000000000000000010010010001
11111111111111111111111111111110
00000000000000000000010110000001
00000000000000000000010011100111
11111111111111111111111101011000
00000000000000000000010110100011
00000000000000000000010011001110
11111111111111111111111000001001
00000000000000000000010101000011
00000000000000000000010000100110
11111111111111111111101111101001
00000000000000000000010001000111
00000000000000000000001011011010
11111111111111111111100011010110
00000000000000000000001010100100
00000000000000000000000011100100
11111111111111111111010010110110
00000000000000000000000001100001
11111111111111111111111001010010
11111111111111111110111110000000
11111111111111111111110110100010
11111111111111111111101101010010
11111111111111111110100100111001
11111111111111111111101010101101
11111111111111111111100000111001
11111111111111111110000111111010
11111111111111111111100000000000
11111111111111111111010110010111
11111111111111111101100111110001
11111111111111111111011001100001
11111111111111111111010001010001
11111111111111111101000101011100
11111111111111111111011100001110
11111111111111111111010111011011
11111111111111111100100010001000
11111111111111111111110000011110
11111111111111111111110010110001
11111111111111111011111111010001
00000000000000000000100101011111
00000000000000000000110110001110
11111111111111111011011110010101
00000000000000000010011010110000
00000000000000000011001010111011
11111111111111111011000000110110
00000000000000000110011101101011
00000000000000001000011101110001
11111111111111111010101000001111
00000000000000010000100001100111
00000000000000010110101101111111
11111111111111111010010101101100
00000000000000110010101100111100
00000000000001010001100100000101
11111111111111111010001010001011
00000000000101011010100111111110
00000000010101110111101100101110
00000000011111111111111111111111
00000000010101110111101100101110
00000000000101011010100111111110
11111111111111111010001010001011
00000000000001010001100100000101
00000000000000110010101100111100
11111111111111111010010101101100
00000000000000010110101101111111
00000000000000010000100001100111
11111111111111111010101000001111
00000000000000001000011101110001
00000000000000000110011101101011
11111111111111111011000000110110
00000000000000000011001010111011
00000000000000000010011010110000
11111111111111111011011110010101
00000000000000000000110110001110
00000000000000000000100101011111
11111111111111111011111111010001
11111111111111111111110010110001
11111111111111111111110000011110
11111111111111111100100010001000
11111111111111111111010111011011
11111111111111111111011100001110
11111111111111111101000101011100
11111111111111111111010001010001
11111111111111111111011001100001
11111111111111111101100111110001
11111111111111111111010110010111
11111111111111111111100000000000
11111111111111111110000111111010
11111111111111111111100000111001
11111111111111111111101010101101
11111111111111111110100100111001
11111111111111111111101101010010
11111111111111111111110110100010
11111111111111111110111110000000
11111111111111111111111001010010
00000000000000000000000001100001
11111111111111111111010010110110
00000000000000000000000011100100
00000000000000000000001010100100
11111111111111111111100011010110
00000000000000000000001011011010
00000000000000000000010001000111
11111111111111111111101111101001
00000000000000000000010000100110
00000000000000000000010101000011
11111111111111111111111000001001
00000000000000000000010011001110
00000000000000000000010110100011
11111111111111111111111101011000
00000000000000000000010011100111
00000000000000000000010110000001
11111111111111111111111111111110
00000000000000000000010010010001
00000000000000000000010011111100
00000000000000000000000000101000
00000000000000000000001111101110
00000000000000000000010000110111
11111111111111111111111111111101
00000000000000000000001100011111
00000000000000000000001101010011
11111111111111111111111110100100
00000000000000000000001001000011
00000000000000000000001001101011
11111111111111111111111100111100
00000000000000000000000101110011
00000000000000000000000110010111
11111111111111111111111011011011
00000000000000000000000010111111
00000000000000000000000011100101
11111111111111111111111010010000
00000000000000000000000000110010
00000000000000000000000001011101
11111111111111111111111001100101
11111111111111111111111111010001
00000000000000000000000000000000
11111111111111111111111001011001
11111111111111111111111110011000
11111111111111111111111111001100
11111111111111111111111001101011
11111111111111111111111110000010
11111111111111111111111110111000
11111111111111111111111010010011
11111111111111111111111110000111
11111111111111111111111110111110
11111111111111111111111011001010
11111111111111111111111110011110
11111111111111111111111111010011
11111111111111111111111100001000
11111111111111111111111110111110
11111111111111111111111111101111
11111111111111111111111101000110
11111111111111111111111111100000
00000000000000000000000000001100
11111111111111111111111101111110
11111111111111111111111111111111
00000000000000000000000000100101
11111111111111111111111110101100
00000000000000000000000000011000
00000000000000000000000000110111
11111111111111111111111111010000
00000000000000000000000000101000
00000000000000000000000001000001
11111111111111111111111111101001
00000000000000000000000000110001
00000000000000000000000001000100
11111111111111111111111111111000
00000000000000000000000000110010
00000000000000000000000001000001
11111111111111111111111111111111
00000000000000000000000000101111
00000000000000000000000000111011
00000000000000000000000000000001
00000000000000000000000000101000
00000000000000000000000000110010
11111111111111111111111111111111
00000000000000000000000000100000
00000000000000000000000000101000
11111111111111111111111111111011
00000000000000000000000000010111
00000000000000000000000000011110
11111111111111111111111111110110
00000000000000000000000000001111
00000000000000000000000000010101
11111111111111111111111111110000
00000000000000000000000000000111
00000000000000000000000000001110
00000000000000000000000000000001
00000000000000000000000000001110
00000000000000000000000000000111
00000000000000000000000000000000
00000000000000000000000000000000
00000000000000000000000000000000
00000000000000000000000000011111
00000000000000000000000000000000
11111111111111111111110001011111
00000000000000000000000000000000
00000000000000000010101111110100
00000000000000000000000000000000
11111111111111101101100000001111
00000000000000000000000000000000
00000000000001010010101100100011
00000000000000000000000000000000
11111111111011011110101010100110
00000000000000000000000000000000
00000000010011011110100110110110
00000000011111111111111111111111
00000000010011011110100110110110
00000000000000000000000000000000
11111111111011011110101010100110
00000000000000000000000000000000
00000000000001010010101100100011
00000000000000000000000000000000
11111111111111101101100000001111
00000000000000000000000000000000
00000000000000000010101111110100
00000000000000000000000000000000
11111111111111111111110001011111
00000000000000000000000000000000
00000000000000000000000000011111
00000000000000000000000000000000
00000000000000000000000000000000
00000000000000000000000000000000
00000000000000000000000000000001
00000000000000000000000000000101
00000000000000000000000000000000
00000000000000000000000000000000
00000000000000000000000000000000
00000000000000000000000001000000
00000000000000000000000000000000
11111111111111111111101000010110
00000000000000000000000000000000
00000000000000000011101111011011
00000000000000000000000000000000
11111111111111101001110111010000
00000000000000000000000000000000
00000000000001011010011010110011
00000000000000000000000000000000
11111111111011010101010111110011
00000000000000000000000000000000
00000000010011100010111101011000
00000000011111111111111111111111
00000000010011100010111101011000
00000000000000000000000000000000
11111111111011010101010111110011
00000000000000000000000000000000
00000000000001011010011010110011
00000000000000000000000000000000
11111111111111101001110111010000
00000000000000000000000000000000
00000000000000000011101111011011
00000000000000000000000000000000
11111111111111111111101000010110
00000000000000000000000000000000
00000000000000000000000001000000
00000000000000000000000000000000
00000000000000000000000000000000
00000000000000000000000000000000
00000000000000000000000000000001
00000000000000000000000000000101
00000000000000000000000000000000
11111111111111111111111111111011
00000000000000000000000000000000
00000000000000000000000100011101
00000000000000000000000000000000
11111111111111111111000001001101
00000000000000000000000000000000
00000000000000000110111100000000
00000000000000000000000000000000
11111111111111100000010010101001
00000000000000000000000000000000
00000000000001101100000110001100
00000000000000000000000000000000
11111111111011000001111000001011
00000000000000000000000000000000
00000000010011101011101101011011
00000000011111111111111111111111
00000000010011101011101101011011
00000000000000000000000000000000
11111111111011000001111000001011
00000000000000000000000000000000
00000000000001101100000110001100
00000000000000000000000000000000
11111111111111100000010010101001
00000000000000000000000000000000
00000000000000000110111100000000
00000000000000000000000000000000
11111111111111111111000001001101
00000000000000000000000000000000
00000000000000000000000100011101
00000000000000000000000000000000
11111111111111111111111111111011
00000000000000000000000000000000
00000000000000000000000000000001
00000000000000000000000000000101
00000000000000000000000000000000
00000000000000000000000000000000
00000000000000000000000000000000
00000000000000000000000000000000
00000000000000000000000000000000
00000000000000000000000000000000
00000000000000000000000000000000
00000000000000000000000000000000
00000000000000000000000000000000
00000000000000000000000000000000
00000000000000000000000000000000
00000000000000000000000000000000
00000000000000000000000000000000
00000000000000000000000000000000
00000000000000000000000000000000
00000000000000000000000000000000
00000000000000000000000000000000
00000000000000000000000000000000
00000000000000000000000000000000
00000000000000000000000000000000
00000000000000000000000000000000
00000000000000000000000000000000
00000000000000000000000000000000
00000000000000000000000000000000
00000000000000000000000000000000
00000000000000000000000000000000
00000000000000000000000000000000
00000000000000000000000000000000
00000000000000000000000000000000
00000000000000000000000000000000
00000000000000000000000000000000
00000000000000000000000000000000
00000000000000000000000000000000
00000000000000000000000000000000
00000000000000000000000000000000
00000000000000000000000000000000
00000000000000000000000000000000
00000000000000000000000000000000
00000000000000000000000000000000
00000000000000000000000000000000
00000000000000000000000000000000
00000000000000000000000000000000
00000000000000000000000000000000
00000000000000000000000000000000
00000000000000000000000000000000
00000000000000000000000000000000
00000000000000000000000000000000
00000000000000000000000000000000
00000000000000000000000000000000
00000000000000000000000000000000
00000000000000000000000000000000
00000000000000000000000000000000
00000000000000000000000000000000
00000000000000000000000000000000
00000000000000000000000000000000
00000000000000000000000000000000
00000000000000000000000000000000
00000000000000000000000000000000
00000000000000000000000000000000
00000000000000000000000000000000
00000000000000000000000000000000
00000000000000000000000000000000
00000000000000000000000000000000
00000000000000000000000000000000
00000000000000000000000000000000
00000000000000000000000000000000
00000000000000000000000000000000
00000000000000000000000000000000
00000000000000000000000000000000
00000000000000000000000000000000
00000000000000000000000000000001
00000000000000000000000000011001
11111111111111111111111111100011
11111111111111111111111111100100
00000000000000000000000000001000
00000000000000000000000000001110
11111111111111111111111111101000
11111111111111111111111111101100
00000000000000000000000000011101
00000000000000000000000000010001
11111111111111111111111111011001
11111111111111111111111111110010
00000000000000000000000000110001
00000000000000000000000000001001
11111111111111111111111111000101
00000000000000000000000000000000
00000000000000000000000001000110
11111111111111111111111111110100
11111111111111111111111110110000
00000000000000000000000000011011
00000000000000000000000001011001
11111111111111111111111111010010
11111111111111111111111110100000
00000000000000000000000001000110
00000000000000000000000001100011
11111111111111111111111110011111
11111111111111111111111110011111
00000000000000000000000001111111
00000000000000000000000001011010
11111111111111111111111101100000
11111111111111111111111110110100
00000000000000000000000011000010
00000000000000000000000000110110
11111111111111111111111100011011
11111111111111111111111111101001
00000000000000000000000100000111
11111111111111111111111111101111
11111111111111111111111011011011
00000000000000000000000001000100
00000000000000000000000100111110
11111111111111111111111110000000
11111111111111111111111010110001
00000000000000000000000011000111
00000000000000000000000101010101
11111111111111111111111011101010
11111111111111111111111010110010
00000000000000000000000101101100
00000000000000000000000100111000
11111111111111111111111000111001
11111111111111111111111011110001
00000000000000000000001000100101
00000000000000000000000011010011
11111111111111111111110101111111
11111111111111111111111110000000
00000000000000000000001011011000
00000000000000000000000000010110
11111111111111111111110011011011
00000000000000000000000001101011
00000000000000000000001101100100
11111111111111111111111011111101
11111111111111111111110001110010
00000000000000000000000110110001
00000000000000000000001110011110
11111111111111111111110110010000
11111111111111111111110001110001
00000000000000000000001100111111
00000000000000000000001101011100
11111111111111111111101111101010
11111111111111111111110100000000
00000000000000000000010011110000
00000000000000000000001001110110
11111111111111111111101000111010
11111111111111111111111001000010
00000000000000000000011010001110
00000000000000000000000011010100
11111111111111111111100011000001
00000000000000000000000001000111
00000000000000000000011111001111
11111111111111111111111001101111
11111111111111111111011111001101
00000000000000000000001100000101
00000000000000000000100001011111
11111111111111111111101101100010
11111111111111111111011110110101
00000000000000000000011001010011
00000000000000000000011111101100
11111111111111111111011111100111
11111111111111111111100011000110
00000000000000000000100111100011
00000000000000000000011000101111
11111111111111111111010001011111
11111111111111111111101100111011
00000000000000000000110101000100
00000000000000000000001011111100
11111111111111111111000101000111
11111111111111111111111100101100
00000000000000000000111111101100
11111111111111111111111001010010
11111111111111111110111100110110
00000000000000000000010010000000
00000000000000000001000100111111
11111111111111111111100001101000
11111111111111111110111011000111
00000000000000000000101011100011
00000000000000000001000010100111
11111111111111111111000110110001
11111111111111111111000010000110
00000000000000000001000111000010
00000000000000000000110110101000
11111111111111111110101011011111
11111111111111111111010011010111
00000000000000000001100001001111
00000000000000000000011111111100
11111111111111111110010011010110
11111111111111111111101111011101
00000000000000000001110110010000
11111111111111111111111110100111
11111111111111111110000010100000
00000000000000000000010101100111
00000000000000000010000001110111
11111111111111111111010100001110
11111111111111111101111101001001
00000000000000000001000011011100
00000000000000000010000000000001
11111111111111111110100011111101
11111111111111111110000111000001
00000000000000000001110100111101
00000000000000000001101101011110
11111111111111111101110010100101
11111111111111111110100010101111
00000000000000000010100100101010
00000000000000000001001000010110
11111111111111111101000110001101
11111111111111111111010001001110
00000000000000000011001011111110
00000000000000000000010000110101
11111111111111111100100101101111
00000000000000000000010001001001
00000000000000000011100011110100
11111111111111111111001001011101
11111111111111111100011000001100
00000000000000000001011110101001
00000000000000000011100101100000
11111111111111111101110111011110
11111111111111111100100011110000
00000000000000000010110011001100
00000000000000000011001011100110
11111111111111111100100010100101
11111111111111111101001100110100
00000000000000000100000101111100
00000000000000000010010010111011
11111111111111111011010100101001
11111111111111111110010101000110
00000000000000000101001100010001
00000000000000000000111011011111
11111111111111111010011000110011
11111111111111111111111010110000
00000000000000000101111010110010
11111111111111111111001001000011
11111111111111111001111010010111
00000000000000000001110111111111
00000000000000000110000110100100
11111111111111111101000011100001
11111111111111111010000011100000
00000000000000000100000010110101
00000000000000000101100110100111
11111111111111111010110110110010
11111111111111111010111011101101
00000000000000000110001101101001
00000000000000000100010101010001
11111111111111111000110010000011
11111111111111111100100110011101
00000000000000001000000111111011
00000000000000000010010001100100
11111111111111110111000110110000
11111111111111111111000001111100
00000000000000001001011111101101
11111111111111111111100000010000
11111111111111110110000110111010
00000000000000000010000110010100
00000000000000001010000011011000
11111111111111111100001100010110
11111111111111110110000011001111
00000000000000000101100101011101
00000000000000001001100011101101
11111111111111111000100111000001
11111111111111110111001000111110
00000000000000001001001011010001
00000000000000000111110101111110
11111111111111110101000110111100
11111111111111111001011111110011
00000000000000001100011110111010
00000000000000000100110101111100
11111111111111110010000110110010
11111111111111111101001000000101
00000000000000001111000100011001
00000000000000000000100111100000
11111111111111110000000011001101
00000000000000000001111001011100
00000000000000010000011110111111
11111111111111111011010111101010
11111111111111101111011000010110
00000000000000000111100010000111
00000000000000010000010011110110
11111111111111110101011100111100
11111111111111110000011111000101
00000000000000001101100110111111
00000000000000001110001100110001
11111111111111101111010110110110
11111111111111110011101010010001
00000000000000010011100100011101
00000000000000001001111010110111
11111111111111101001101100101010
11111111111111111001000100010001
00000000000000011000101111111111
00000000000000000011011000101101
11111111111111100101001011101101
00000000000000000000101101001011
00000000000000011100011010000000
11111111111111111010101011111001
11111111111111100010100101010010
00000000000000001010011001101000
00000000000000011101101111111100
11111111111111110000000101100001
11111111111111100010101100111101
00000000000000010101110010110110
00000000000000011011111101010110
11111111111111100100000001110100
11111111111111100110011000001011
00000000000000100010010111100010
00000000000000010110001011000101
11111111111111010111000110100111
11111111111111101110100001001011
00000000000000101111011101111100
00000000000000001011011001011100
11111111111111001010000000111001
11111111111111111100010001001010
00000000000000111100010110101100
11111111111111111010001110111000
11111111111110111101100001100010
00000000000000010001011101100110
00000000000001001000010000010110
11111111111111100000000110001000
11111111111110110010011001100011
00000000000000110001111111100010
00000000000001010010011011010011
11111111111110110110101100100011
11111111111110101001010110001010
00000000000001101000110110110100
00000000000001011010001101101001
11111111111101101000110011111100
11111111111110100010111101000111
00000000000011100101011010110101
00000000000001011111000110100101
11111111111001101101011100111001
11111111111110011111101001100001
00000000010011010110010101011111
00000000011111111111111111111111
00000000010011010110010101011111
11111111111110011111101001100001
11111111111001101101011100111001
00000000000001011111000110100101
00000000000011100101011010110101
11111111111110100010111101000111
11111111111101101000110011111100
00000000000001011010001101101001
00000000000001101000110110110100
11111111111110101001010110001010
11111111111110110110101100100011
00000000000001010010011011010011
00000000000000110001111111100010
11111111111110110010011001100011
11111111111111100000000110001000
00000000000001001000010000010110
00000000000000010001011101100110
11111111111110111101100001100010
11111111111111111010001110111000
00000000000000111100010110101100
11111111111111111100010001001010
11111111111111001010000000111001
00000000000000001011011001011100
00000000000000101111011101111100
11111111111111101110100001001011
11111111111111010111000110100111
00000000000000010110001011000101
00000000000000100010010111100010
11111111111111100110011000001011
11111111111111100100000001110100
00000000000000011011111101010110
00000000000000010101110010110110
11111111111111100010101100111101
11111111111111110000000101100001
00000000000000011101101111111100
00000000000000001010011001101000
11111111111111100010100101010010
11111111111111111010101011111001
00000000000000011100011010000000
00000000000000000000101101001011
11111111111111100101001011101101
00000000000000000011011000101101
00000000000000011000101111111111
11111111111111111001000100010001
11111111111111101001101100101010
00000000000000001001111010110111
00000000000000010011100100011101
11111111111111110011101010010001
11111111111111101111010110110110
00000000000000001110001100110001
00000000000000001101100110111111
11111111111111110000011111000101
11111111111111110101011100111100
00000000000000010000010011110110
00000000000000000111100010000111
11111111111111101111011000010110
11111111111111111011010111101010
00000000000000010000011110111111
00000000000000000001111001011100
11111111111111110000000011001101
00000000000000000000100111100000
00000000000000001111000100011001
11111111111111111101001000000101
11111111111111110010000110110010
00000000000000000100110101111100
00000000000000001100011110111010
11111111111111111001011111110011
11111111111111110101000110111100
00000000000000000111110101111110
00000000000000001001001011010001
11111111111111110111001000111110
11111111111111111000100111000001
00000000000000001001100011101101
00000000000000000101100101011101
11111111111111110110000011001111
11111111111111111100001100010110
00000000000000001010000011011000
00000000000000000010000110010100
11111111111111110110000110111010
11111111111111111111100000010000
00000000000000001001011111101101
11111111111111111111000001111100
11111111111111110111000110110000
00000000000000000010010001100100
00000000000000001000000111111011
11111111111111111100100110011101
11111111111111111000110010000011
00000000000000000100010101010001
00000000000000000110001101101001
11111111111111111010111011101101
11111111111111111010110110110010
00000000000000000101100110100111
00000000000000000100000010110101
11111111111111111010000011100000
11111111111111111101000011100001
00000000000000000110000110100100
00000000000000000001110111111111
11111111111111111001111010010111
11111111111111111111001001000011
00000000000000000101111010110010
11111111111111111111111010110000
11111111111111111010011000110011
00000000000000000000111011011111
00000000000000000101001100010001
11111111111111111110010101000110
11111111111111111011010100101001
00000000000000000010010010111011
00000000000000000100000101111100
11111111111111111101001100110100
11111111111111111100100010100101
00000000000000000011001011100110
00000000000000000010110011001100
11111111111111111100100011110000
11111111111111111101110111011110
00000000000000000011100101100000
00000000000000000001011110101001
11111111111111111100011000001100
11111111111111111111001001011101
00000000000000000011100011110100
00000000000000000000010001001001
11111111111111111100100101101111
00000000000000000000010000110101
00000000000000000011001011111110
11111111111111111111010001001110
11111111111111111101000110001101
00000000000000000001001000010110
00000000000000000010100100101010
11111111111111111110100010101111
11111111111111111101110010100101
00000000000000000001101101011110
00000000000000000001110100111101
11111111111111111110000111000001
11111111111111111110100011111101
00000000000000000010000000000001
00000000000000000001000011011100
11111111111111111101111101001001
11111111111111111111010100001110
00000000000000000010000001110111
00000000000000000000010101100111
11111111111111111110000010100000
11111111111111111111111110100111
00000000000000000001110110010000
11111111111111111111101111011101
11111111111111111110010011010110
00000000000000000000011111111100
00000000000000000001100001001111
11111111111111111111010011010111
11111111111111111110101011011111
00000000000000000000110110101000
00000000000000000001000111000010
11111111111111111111000010000110
11111111111111111111000110110001
00000000000000000001000010100111
00000000000000000000101011100011
11111111111111111110111011000111
11111111111111111111100001101000
00000000000000000001000100111111
00000000000000000000010010000000
11111111111111111110111100110110
11111111111111111111111001010010
00000000000000000000111111101100
11111111111111111111111100101100
11111111111111111111000101000111
00000000000000000000001011111100
00000000000000000000110101000100
11111111111111111111101100111011
11111111111111111111010001011111
00000000000000000000011000101111
00000000000000000000100111100011
11111111111111111111100011000110
11111111111111111111011111100111
00000000000000000000011111101100
00000000000000000000011001010011
11111111111111111111011110110101
11111111111111111111101101100010
00000000000000000000100001011111
00000000000000000000001100000101
11111111111111111111011111001101
11111111111111111111111001101111
00000000000000000000011111001111
00000000000000000000000001000111
11111111111111111111100011000001
00000000000000000000000011010100
00000000000000000000011010001110
11111111111111111111111001000010
11111111111111111111101000111010
00000000000000000000001001110110
00000000000000000000010011110000
11111111111111111111110100000000
11111111111111111111101111101010
00000000000000000000001101011100
00000000000000000000001100111111
11111111111111111111110001110001
11111111111111111111110110010000
00000000000000000000001110011110
00000000000000000000000110110001
11111111111111111111110001110010
11111111111111111111111011111101
00000000000000000000001101100100
00000000000000000000000001101011
11111111111111111111110011011011
00000000000000000000000000010110
00000000000000000000001011011000
11111111111111111111111110000000
11111111111111111111110101111111
00000000000000000000000011010011
00000000000000000000001000100101
11111111111111111111111011110001
11111111111111111111111000111001
00000000000000000000000100111000
00000000000000000000000101101100
11111111111111111111111010110010
11111111111111111111111011101010
00000000000000000000000101010101
00000000000000000000000011000111
11111111111111111111111010110001
11111111111111111111111110000000
00000000000000000000000100111110
00000000000000000000000001000100
11111111111111111111111011011011
11111111111111111111111111101111
00000000000000000000000100000111
11111111111111111111111111101001
11111111111111111111111100011011
00000000000000000000000000110110
00000000000000000000000011000010
11111111111111111111111110110100
11111111111111111111111101100000
00000000000000000000000001011010
00000000000000000000000001111111
11111111111111111111111110011111
11111111111111111111111110011111
00000000000000000000000001100011
00000000000000000000000001000110
11111111111111111111111110100000
11111111111111111111111111010010
00000000000000000000000001011001
00000000000000000000000000011011
11111111111111111111111110110000
11111111111111111111111111110100
00000000000000000000000001000110
00000000000000000000000000000000
11111111111111111111111111000101
00000000000000000000000000001001
00000000000000000000000000110001
11111111111111111111111111110010
11111111111111111111111111011001
00000000000000000000000000010001
00000000000000000000000000011101
11111111111111111111111111101100
11111111111111111111111111101000
00000000000000000000000000001110
00000000000000000000000000001000
11111111111111111111111111100100
11111111111111111111111111100011
00000000000000000000000000011001
00000000000000000000000000000001
00000000000000000000000000001111
