        0
        0
  1628306
  4199242
  6543282
  5493228
  5177324
  4334407
  3387307
  2320168
  1170859
   -19962
 -1210058
 -2357253
 -3420997
 -4363545
 -5151443
 -5756886
 -6158409
 -6341761
 -6300451
 -6035909
 -5557576
 -4882393
 -4034211
 -3043140
 -1944220
  -776437
   418841
  1599268
  2723054
  3750371
  4644794
  5374736
  5914237
  6244212
  6353041
  6236798
  5899549
  5353354
  4617522
  3718061
  2686926
  1560618
   379008
  -816031
 -1982205
 -3078127
 -4064975
 -4907830
 -5576782
 -6048238
 -6305418
 -6339219
 -6148460
 -5739858
 -5127976
 -4334424
 -3387305
 -2320189
 -1170828
    19978
  1210060
  2357267
  3420963
  4363513
  5151460
  5756884
  6158431
  6341774
  6300411
  6035903
  5557596
  4882345
  4034189
  3043119
  1944210
   776472
  -418802
 -1599260
 -2723081
 -3750384
 -4644843
 -5374737
 -5914224
 -6244253
 -6353047
 -6236770
 -5899549
 -5353340
 -4617534
 -3718106
 -2686923
 -1560606
  -379005
   816069
  1982194
  3078118
  4064969
  4907821
  5576830
  6048268
  6305463
  6339269
  6148490
  5739904
  5127989
  4334407
  3387307
  2320168
  1170859
   -19962
 -1210058
 -2357253
 -3420997
 -4363545
 -5151443
 -5756886
 -6158409
 -6341761
 -6300451
 -6035909
 -5557576
 -4882393
 -4034211
 -3043140
 -1944219
  -776422
   418861
  1599271
  2723054
  3750371
  4644794
  5374736
  5914237
  6244212
  6353041
  6236798
  5899549
  5353354
  4617522
  3718061
  2686926
  1560618
   379008
  -816031
 -1982205
 -3078127
 -4064975
 -4907830
 -5576782
 -6048238
 -6305418
 -6339219
 -6148460
 -5739858
 -5127976
 -4334424
 -3387305
 -2320189
 -1170828
    19978
  1210060
  2357267
  3420963
  4363513
  5151460
  5756884
  6158431
  6341774
  6300411
  6035903
  5557596
  4882345
  4034189
  3043119
  1944210
   776472
  -418802
 -1599260
 -2723081
 -3750384
 -4644843
 -5374737
 -5914224
 -6244253
 -6353047
 -6236770
 -5899549
 -5353340
 -4617534
 -3718106
 -2686923
 -1560606
  -379005
   816069
  1982194
  3078118
  4064969
  4907821
  5576830
  6048268
  6305463
  6339269
  6148490
  5739904
  5127989
  4334407
  3387307
  2320168
  1170859
   -19962
 -1210058
 -2357253
 -3420997
 -4363545
 -5151443
 -5756886
 -6158409
 -6341761
 -6300451
 -6035909
 -5557576
 -4882393
 -4034211
 -3043140
 -1944220
  -776437
   418841
  1599268
  2723054
  3750371
  4644794
  5374736
  5914237
  6244212
  6353041
  6236798
  5899549
  5353354
  4617522
  3718061
  2686926
  1560618
   379008
  -816031
 -1982205
 -3078127
 -4064975
 -4907830
 -5576782
 -6048238
 -6305418
 -6339219
 -6148460
 -5739858
 -5127976
 -4334424
 -3387305
 -2320189
 -1170828
    19978
  1210060
  2357267
  3420963
  4363513
  5151460
  5756884
  6158431
  6341774
  6300411
  6035903
  5557596
  4882345
  4034189
  3043119
  1944210
   776472
  -418802
 -1599260
 -2723081
 -3750384
 -4644843
 -5374737
 -5914224
 -6244253
 -6353047
 -6236770
 -5899549
 -5353340
 -4617534
 -3718106
 -2686923
 -1560606
  -379005
   816069
  1982194
  3078118
  4064969
  4907821
  5576830
  6048268
  6305463
  6339269
  6148490
  5739904
  5127989
  4334407
  3387307
  2320168
  1170859
   -19962
 -1210058
 -2357253
 -3420997
 -4363545
 -5151443
 -5756886
 -6158409
 -6341761
 -6300451
 -6035909
 -5557576
 -4882393
 -4034211
 -3043140
 -1944220
  -776437
   418841
  1599268
  2723054
  3750371
  4644794
  5374736
  5914237
  6244212
  6353041
  6236798
  5899549
  5353354
  4617522
  3718061
  2686926
  1560618
   379008
  -816031
 -1982205
 -3078127
 -4064975
 -4907830
 -5576782
 -6048238
 -6305418
 -6339219
 -6148460
 -5739858
 -5127976
 -4334424
 -3387305
 -2320189
 -1170828
    19978
  1210060
  2357267
  3420963
  4363513
  5151460
  5756884
  6158431
  6341774
  6300411
  6035903
  5557596
  4882345
  4034189
  3043119
  1944210
   776472
  -418802
 -1599260
 -2723081
 -3750384
 -4644843
 -5374737
 -5914224
 -6244253
 -6353047
 -6236770
 -5899549
 -5353340
 -4617534
 -3718106
 -2686923
 -1560606
  -379005
   816069
  1982194
  3078118
  4064969
  4907821
  5576830
  6048268
  6305463
  6339269
  6148490
  5739904
  5127989
  4334407
  3387307
  2320168
  1170859
   -19962
 -1210058
 -2357253
 -3420997
 -4363545
 -5151443
 -5756886
 -6158409
 -6341761
 -6300451
 -6035909
 -5557576
 -4882393
 -4034211
 -3043140
 -1944220
  -776437
   418841
  1599268
  2723054
  3750371
  4644794
  5374736
  5914237
  6244212
  6353041
  6236798
  5899549
  5353354
  4617522
  3718061
  2686926
  1560618
   379008
  -816031
 -1982205
 -3078127
 -4064975
 -4907830
 -5576782
 -6048238
 -6305418
 -6339219
 -6148460
 -5739858
 -5127976
 -4334424
 -3387305
 -2320189
 -1170828
    19978
  1210060
  2357267
  3420963
  4363513
  5151460
  5756884
  6158431
  6341774
  6300411
  6035903
  5557596
  4882345
  4034189
  3043119
  1944210
   776472
  -418802
 -1599260
 -2723081
 -3750384
 -4644843
 -5374737
 -5914224
 -6244253
 -6353047
 -6236770
 -5899549
 -5353340
 -4617534
 -3718106
 -2686923
 -1560606
  -379005
   816069
  1982194
  3078118
  4064969
  4907821
  5576830
  6048268
  6305463
  6339269
  6148490
  5739904
  5127989
  4334407
  3387307
  2320168
  1170859
   -19962
 -1210058
 -2357253
 -3420997
 -4363545
 -5151443
 -5756886
 -6158409
 -6341761
 -6300451
 -6035909
 -5557576
 -4882393
 -4034211
 -3043140
 -1944220
  -776437
   418841
  1599268
  2723054
  3750371
  4644794
  5374736
  5914237
  6244212
  6353041
  6236798
  5899549
  5353354
  4617522
  3718061
  2686926
  1560618
   379008
  -816031
 -1982205
 -3078127
 -4064975
 -4907830
 -5576782
 -6048238
 -6305418
 -6339219
 -6148460
 -5739858
 -5127976
 -4334424
 -3387305
 -2320189
 -1170828
    19978
  1210060
  2357267
  3420963
  4363513
  5151460
  5756884
  6158431
  6341774
  6300411
  6035903
  5557596
  4882345
  4034189
  3043119
  1944210
   776472
  -418802
 -1599260
 -2723081
 -3750384
 -4644843
 -5374737
 -5914224
 -6244253
 -6353047
 -6236770
 -5899549
 -5353340
 -4617534
 -3718106
 -2686923
 -1560606
  -379005
   816069
  1982194
  3078118
  4064969
  4907821
  5576830
  6048268
  6305463
  6339269
  6148490
  5739904
  5127989
  4334407
  3387307
  2320168
  1170859
   -19962
 -1210058
 -2357253
 -3420997
 -4363545
 -5151443
 -5756886
 -6158409
 -6341761
 -6300451
 -6035909
 -5557576
 -4882393
 -4034211
 -3043140
 -1944220
  -776437
   418841
  1599268
  2723054
  3750371
  4644794
  5374736
  5914237
  6244212
  6353041
  6236798
  5899549
  5353354
  4617522
  3718061
  2686926
  1560618
   379008
  -816031
 -1982205
 -3078127
 -4064975
 -4907830
 -5576782
 -6048238
 -6305418
 -6339219
 -6148460
 -5739858
 -5127976
 -4334424
 -3387305
 -2320189
 -1170828
    19978
  1210060
  2357267
  3420963
  4363513
  5151460
  5756884
  6158431
  6341774
  6300411
  6035903
  5557596
  4882345
  4034189
  3043119
  1944210
   776472
  -418802
 -1599260
 -2723081
 -3750384
 -4644843
 -5374737
 -5914224
 -6244253
 -6353047
 -6236770
 -5899549
 -5353340
 -4617534
 -3718106
 -2686923
 -1560606
  -379005
   816069
  1982194
  3078118
  4064969
  4907821
  5576830
  6048268
  6305463
  6339269
  6148490
  5739904
  5127989
  4334407
  3387307
  2320168
  1170859
   -19962
 -1210058
 -2357253
 -3420997
 -4363545
 -5151443
 -5756886
 -6158409
 -6341761
 -6300451
 -6035909
 -5557576
 -4882393
 -4034211
 -3043140
 -1944220
  -776437
   418841
  1599268
  2723054
  3750371
  4644794
  5374736
  5914237
  6244212
  6353041
  6236798
  5899549
  5353354
  4617522
  3718061
  2686926
  1560618
   379008
  -816031
 -1982205
 -3078127
 -4064975
 -4907830
 -5576782
 -6048238
 -6305418
 -6339219
 -6148460
 -5739858
 -5127976
 -4334424
 -3387305
 -2320189
 -1170828
    19978
  1210060
  2357267
  3420963
  4363513
  5151460
  5756884
  6158431
  6341774
  6300411
  6035903
  5557596
  4882345
  4034189
  3043119
  1944210
   776472
  -418802
 -1599260
 -2723081
 -3750384
 -4644843
 -5374737
 -5914224
 -6244253
 -6353047
 -6236770
 -5899549
 -5353340
 -4617534
 -3718106
 -2686923
 -1560606
  -379005
   816069
  1982194
  3078118
  4064969
  4907821
  5576830
  6048268
  6305463
  6339269
  6148490
  5739904
  5127989
  4334407
  3387307
  2320168
  1170859
   -19962
 -1210058
 -2357253
 -3420997
 -4363545
 -5151443
 -5756886
 -6158409
 -6341761
 -6300451
 -6035909
 -5557576
 -4882393
 -4034211
 -3043140
 -1944219
  -776422
   418861
  1599271
  2723054
  3750371
  4644794
  5374736
  5914237
  6244212
  6353041
  6236798
  5899549
  5353354
  4617522
  3718061
  2686926
  1560618
   379008
  -816031
 -1982205
 -3078127
 -4064975
 -4907830
 -5576782
 -6048238
 -6305418
 -6339219
 -6148460
 -5739858
 -5127976
 -4334424
 -3387305
 -2320189
 -1170828
    19978
  1210060
  2357267
  3420963
  4363513
  5151460
  5756884
  6158431
  6341774
  6300411
  6035903
  5557596
  4882345
  4034189
  3043119
  1944210
   776472
  -418802
 -1599260
 -2723081
 -3750384
 -4644843
 -5374737
 -5914224
 -6244253
 -6353047
 -6236770
 -5899549
 -5353340
 -4617534
 -3718106
 -2686923
 -1560606
  -379005
   816069
  1982194
  3078118
  4064969
  4907821
  5576830
  6048268
  6305463
  6339269
  6148490
  5739904
  5127989
  4334407
  3387307
  2320168
  1170859
   -19962
 -1210058
 -2357253
 -3420997
 -4363545
 -5151443
 -5756886
 -6158409
 -6341761
 -6300451
 -6035909
 -5557576
 -4882393
 -4034211
 -3043140
 -1944220
  -776437
   418841
  1599268
  2723054
  3750371
  4644794
  5374736
  5914237
  6244212
  6353041
  6236798
  5899549
  5353354
  4617522
  3718061
  2686926
  1560618
   379008
  -816031
 -1982205
 -3078127
 -4064975
 -4907830
 -5576782
 -6048238
 -6305418
 -6339219
 -6148460
 -5739858
 -5127976
 -4334424
 -3387305
 -2320189
 -1170828
    19978
  1210060
  2357267
  3420963
  4363513
  5151460
  5756884
  6158431
  6341774
  6300411
  6035903
  5557596
  4882345
  4034189
  3043119
  1944210
   776472
  -418802
 -1599260
 -2723081
 -3750384
 -4644843
 -5374737
 -5914224
 -6244253
 -6353047
 -6236770
 -5899549
 -5353340
 -4617534
 -3718106
 -2686923
 -1560606
  -379005
   816069
  1982194
  3078118
  4064969
  4907821
  5576830
  6048268
  6305463
  6339269
  6148490
  5739904
  5127989
  4334407
  3387307
  2320168
  1170859
   -19962
 -1210058
 -2357253
 -3420997
 -4363545
 -5151443
 -5756886
 -6158409
 -6341761
 -6300451
 -6035909
 -5557576
 -4882393
 -4034211
 -3043140
 -1944220
  -776437
   418841
  1599268
  2723054
  3750371
  4644794
  5374736
  5914237
  6244212
  6353041
  6236798
  5899549
  5353354
  4617522
  3718061
  2686926
  1560618
   379008
  -816031
 -1982205
 -3078127
 -4064975
 -4907830
 -5576782
 -6048238
 -6305418
 -6339219
 -6148460
 -5739858
 -5127976
 -4334424
 -3387305
 -2320189
 -1170828
    19978
  1210060
  2357267
  3420963
  4363513
  5151460
  5756884
  6158431
  6341774
  6300411
  6035903
  5557596
  4882345
  4034189
  3043119
  1944210
   776472
  -418802
 -1599260
 -2723081
 -3750384
 -4644843
 -5374737
 -5914224
 -6244253
 -6353047
 -6236770
 -5899549
 -5353340
 -4617534
 -3718106
 -2686923
 -1560606
  -379005
   816069
  1982194
  3078118
  4064969
  4907821
  5576830
  6048268
  6305463
  6339269
  6148490
  5739904
  5127989
  4334407
  3387307
  2320168
  1170859
   -19962
 -1210058
 -2357253
 -3420997
 -4363545
 -5151443
 -5756886
 -6158409
 -6341761
 -6300451
 -6035909
 -5557576
 -4882393
 -4034211
 -3043140
 -1944220
  -776437
   418841
  1599268
  2723054
  3750371
  4644794
  5374736
  5914237
  6244212
  6353041
  6236798
  5899549
  5353354
  4617522
  3718061
  2686926
  1560618
   379008
  -816031
 -1982205
 -3078127
 -4064975
 -4907830
 -5576782
 -6048238
 -6305418
 -6339219
 -6148460
 -5739858
 -5127976
 -4334424
 -3387305
 -2320189
 -1170828
    19978
  1210060
  2357267
  3420963
  4363513
  5151460
  5756884
  6158431
  6341774
  6300411
  6035903
  5557596
  4882345
  4034189
  3043119
  1944210
   776472
  -418802
 -1599260
 -2723081
 -3750384
 -4644843
 -5374737
 -5914224
 -6244253
 -6353047
 -6236770
 -5899549
 -5353340
 -4617534
 -3718106
 -2686923
 -1560606
  -379005
   816069
  1982194
  3078118
  4064969
  4907821
  5576830
  6048268
  6305463
  6339269
  6148490
  5739904
  5127989
  4334407
  3387307
  2320168
  1170859
   -19962
 -1210058
 -2357253
 -3420997
 -4363545
 -5151443
 -5756886
 -6158409
 -6341761
 -6300451
 -6035909
 -5557576
 -4882393
 -4034211
 -3043140
 -1944220
  -776437
   418841
  1599268
  2723054
  3750371
  4644794
  5374736
  5914237
  6244212
  6353041
  6236798
  5899549
  5353354
  4617522
  3718061
  2686926
  1560618
   379008
  -816031
 -1982205
 -3078127
 -4064975
 -4907830
 -5576782
 -6048238
 -6305418
 -6339219
 -6148460
 -5739858
 -5127976
 -4334424
 -3387305
 -2320189
 -1170828
    19978
  1210060
  2357267
  3420963
  4363513
  5151460
  5756884
  6158431
  6341774
  6300411
  6035903
  5557596
  4882345
  4034189
  3043119
  1944210
   776472
  -418802
 -1599260
 -2723081
 -3750384
 -4644843
 -5374737
 -5914224
 -6244253
 -6353047
 -6236770
 -5899549
 -5353340
 -4617534
 -3718106
 -2686923
 -1560606
  -379005
   816069
  1982194
  3078118
  4064969
  4907821
  5576830
  6048268
  6305463
  6339269
  6148490
  5739904
  5127989
  4334407
  3387307
  2320168
  1170859
   -19962
 -1210058
 -2357253
 -3420997
 -4363545
 -5151443
 -5756886
 -6158409
 -6341761
 -6300451
 -6035909
 -5557576
 -4882393
 -4034211
 -3043140
 -1944220
  -776437
   418841
  1599268
  2723054
  3750371
  4644794
  5374736
  5914237
  6244212
  6353041
  6236798
  5899549
  5353354
  4617522
  3718061
  2686926
  1560618
   379008
  -816031
 -1982205
 -3078127
 -4064975
 -4907830
 -5576782
 -6048238
 -6305418
 -6339219
 -6148460
 -5739858
 -5127976
 -4334424
 -3387305
 -2320189
 -1170828
    19978
  1210060
  2357267
  3420963
  4363513
  5151460
  5756884
  6158431
  6341774
  6300411
  6035903
  5557596
  4882345
  4034189
  3043119
  1944210
   776472
  -418802
 -1599260
 -2723081
 -3750384
 -4644843
 -5374737
 -5914224
 -6244253
 -6353047
 -6236770
 -5899549
 -5353340
 -4617534
 -3718106
 -2686923
 -1560606
  -379005
   816069
  1982194
  3078118
  4064969
  4907821
  5576830
  6048268
  6305463
  6339269
  6148490
  5739904
  5127989
  4334407
  3387307
  2320168
  1170859
   -19962
 -1210058
 -2357253
 -3420997
 -4363545
 -5151443
 -5756886
 -6158409
 -6341761
 -6300451
 -6035909
 -5557576
 -4882393
 -4034211
 -3043140
 -1944220
  -776437
   418841
  1599268
  2723054
  3750371
  4644794
  5374736
  5914237
  6244212
  6353041
  6236798
  5899549
  5353354
  4617522
  3718061
  2686926
  1560618
   379008
  -816031
 -1982205
 -3078127
 -4064975
 -4907830
 -5576782
 -6048238
 -6305418
 -6339219
 -6148460
 -5739858
 -5127976
 -4334424
 -3387305
 -2320189
 -1170828
    19978
  1210060
  2357267
  3420963
  4363513
  5151460
  5756884
  6158431
  6341774
  6300411
  6035903
  5557596
  4882345
  4034189
  3043119
  1944210
   776472
  -418802
 -1599260
 -2723081
 -3750384
 -4644843
 -5374737
 -5914224
 -6244253
 -6353047
 -6236770
 -5899549
 -5353340
 -4617534
 -3718106
 -2686923
 -1560606
  -379005
   816069
  1982194
  3078118
  4064969
  4907821
  5576830
  6048268
  6305463
  6339269
  6148490
  5739904
  5127989
  4334407
  3387307
  2320168
  1170859
   -19962
 -1210058
 -2357253
 -3420997
 -4363545
 -5151443
 -5756886
 -6158409
 -6341761
 -6300451
 -6035909
 -5557576
 -4882393
 -4034211
 -3043140
 -1944220
  -776437
   418841
  1599268
  2723054
  3750371
  4644794
  5374736
  5914237
  6244212
  6353041
  6236798
  5899549
  5353354
  4617522
  3718061
  2686926
  1560618
   379008
  -816031
 -1982205
 -3078127
 -4064975
 -4907830
 -5576782
 -6048238
 -6305418
 -6339219
 -6148460
 -5739858
 -5127976
 -4334424
 -3387305
 -2320189
 -1170828
    19978
  1210060
  2357267
  3420963
  4363513
  5151460
  5756884
  6158431
  6341774
  6300411
  6035903
  5557596
  4882345
  4034189
  3043119
  1944209
   776458
  -418823
 -1599263
 -2723081
 -3750384
 -4644843
 -5374737
 -5914224
 -6244253
 -6353047
 -6236770
 -5899549
 -5353340
 -4617534
 -3718106
 -2686923
 -1560606
  -379005
   816069
  1982194
  3078118
  4064969
  4907821
  5576830
  6048268
  6305463
  6339269
  6148490
  5739904
  5127989
  4334407
  3387307
  2320168
  1170859
   -19962
 -1210058
 -2357253
 -3420997
 -4363545
 -5151443
 -5756886
 -6158409
 -6341761
 -6300451
 -6035909
 -5557576
 -4882393
 -4034211
 -3043140
 -1944220
  -776437
   418841
  1599268
  2723054
  3750371
  4644794
  5374736
  5914237
  6244212
  6353041
  6236798
  5899549
  5353354
  4617522
  3718061
  2686926
  1560618
   379008
  -816031
 -1982205
 -3078127
 -4064975
 -4907830
 -5576782
 -6048238
 -6305418
 -6339219
 -6148460
 -5739858
 -5127976
 -4334424
 -3387305
 -2320189
 -1170828
    19978
  1210060
  2357267
  3420963
  4363513
  5151460
  5756884
  6158431
  6341774
  6300411
  6035903
  5557596
  4882345
  4034189
  3043119
  1944210
   776472
  -418802
 -1599260
 -2723081
 -3750384
 -4644843
 -5374737
 -5914224
 -6244253
 -6353047
 -6236770
 -5899549
 -5353340
 -4617534
 -3718106
 -2686923
 -1560606
  -379005
   816069
  1982194
  3078118
  4064969
  4907821
  5576830
  6048268
  6305463
  6339269
  6148490
  5739904
  5127989
  4334407
  3387307
  2320168
  1170859
   -19962
 -1210058
 -2357253
 -3420997
 -4363545
 -5151443
 -5756886
 -6158409
 -6341761
 -6300451
 -6035909
 -5557576
 -4882393
 -4034211
 -3043140
 -1944220
  -776437
   418841
  1599268
  2723054
  3750371
  4644794
  5374736
  5914237
  6244212
  6353041
  6236798
  5899549
  5353354
  4617522
  3718061
  2686926
  1560618
   379008
  -816031
 -1982205
 -3078127
 -4064975
 -4907830
 -5576782
 -6048238
 -6305418
 -6339219
 -6148460
 -5739858
 -5127976
 -4334424
 -3387305
 -2320189
 -1170828
    19978
  1210060
  2357267
  3420963
  4363513
  5151460
  5756884
  6158431
  6341774
  6300411
  6035903
  5557596
  4882345
  4034189
  3043119
  1944210
   776472
  -418802
 -1599260
 -2723081
 -3750384
 -4644843
 -5374737
 -5914224
 -6244253
 -6353047
 -6236770
 -5899549
 -5353340
 -4617534
 -3718106
 -2686923
 -1560606
  -379005
   816069
  1982194
  3078118
  4064969
  4907821
  5576830
  6048268
  6305463
  6339269
  6148490
  5739904
  5127989
  4334407
  3387307
  2320168
  1170859
   -19962
 -1210058
 -2357253
 -3420997
 -4363545
 -5151443
 -5756886
 -6158409
 -6341761
 -6300451
 -6035909
 -5557576
 -4882393
 -4034211
 -3043140
 -1944220
  -776437
   418841
  1599268
  2723054
  3750371
  4644794
  5374736
  5914237
  6244212
  6353041
  6236798
  5899549
  5353354
  4617522
  3718061
  2686926
  1560618
   379008
  -816031
 -1982205
 -3078127
 -4064975
 -4907830
 -5576782
 -6048238
 -6305418
 -6339219
 -6148460
 -5739858
 -5127976
 -4334424
 -3387305
 -2320189
 -1170828
    19978
  1210060
  2357267
  3420963
  4363513
  5151460
  5756884
  6158431
  6341774
  6300411
  6035903
  5557596
  4882345
  4034189
  3043119
  1944210
   776472
  -418802
 -1599260
 -2723081
 -3750384
 -4644843
 -5374737
 -5914224
 -6244253
 -6353047
 -6236770
 -5899549
 -5353340
 -4617534
 -3718106
 -2686923
 -1560606
  -379005
   816069
  1982194
  3078118
  4064969
  4907821
  5576830
  6048268
  6305463
  6339269
  6148490
  5739904
  5127989
  4334407
  3387307
  2320168
  1170859
   -19962
 -1210058
 -2357253
 -3420997
 -4363545
 -5151443
 -5756886
 -6158409
 -6341761
 -6300451
 -6035909
 -5557576
 -4882393
 -4034211
 -3043140
 -1944220
  -776437
   418841
  1599268
  2723054
  3750371
  4644794
  5374736
  5914237
  6244212
  6353041
  6236798
  5899549
  5353354
  4617522
  3718061
  2686926
  1560618
   379008
  -816031
 -1982205
 -3078127
 -4064975
 -4907830
 -5576782
 -6048238
 -6305418
 -6339219
 -6148460
 -5739858
 -5127976
 -4334424
 -3387305
 -2320189
 -1170828
    19978
  1210060
  2357267
  3420963
  4363513
  5151460
  5756884
  6158431
  6341774
  6300411
  6035903
  5557596
  4882345
  4034189
  3043119
  1944210
   776472
  -418802
 -1599260
 -2723081
 -3750384
 -4644843
 -5374737
 -5914224
 -6244253
 -6353047
 -6236770
 -5899549
 -5353340
 -4617534
 -3718106
 -2686923
 -1560606
  -379005
   816069
  1982194
  3078118
  4064969
  4907821
  5576830
  6048268
  6305463
  6339269
  6148490
  5739904
  5127989
  4334407
  3387307
  2320168
  1170859
   -19962
 -1210058
 -2357253
 -3420997
 -4363545
 -5151443
 -5756886
 -6158409
 -6341761
 -6300451
 -6035909
 -5557576
 -4882393
 -4034211
 -3043140
 -1944220
  -776437
   418841
  1599268
  2723054
  3750371
  4644794
  5374736
  5914237
  6244212
  6353041
  6236798
  5899549
  5353354
  4617522
  3718061
  2686926
  1560618
   379008
  -816031
 -1982205
 -3078127
 -4064975
 -4907830
 -5576782
 -6048238
 -6305418
 -6339219
 -6148460
 -5739858
 -5127976
 -4334424
 -3387305
 -2320189
 -1170828
    19978
  1210060
  2357267
  3420963
  4363513
  5151460
  5756884
  6158431
  6341774
  6300411
  6035903
  5557596
  4882345
  4034189
  3043119
  1944210
   776472
  -418802
 -1599260
 -2723081
 -3750384
 -4644843
 -5374737
 -5914224
 -6244253
 -6353047
 -6236770
 -5899549
 -5353340
 -4617534
 -3718106
 -2686923
 -1560606
  -379005
   816069
  1982194
  3078118
  4064969
  4907821
  5576830
  6048268
  6305463
  6339269
  6148490
  5739904
  5127989
  4334407
  3387307
  2320168
  1170859
   -19962
 -1210058
 -2357253
 -3420997
 -4363545
 -5151443
 -5756886
 -6158409
 -6341761
 -6300451
 -6035909
 -5557576
 -4882393
 -4034211
 -3043140
 -1944220
  -776437
   418841
  1599268
  2723054
  3750371
  4644794
  5374736
  5914237
  6244212
  6353041
  6236798
  5899549
  5353354
  4617522
  3718061
  2686926
  1560618
   379008
  -816031
 -1982205
 -3078127
 -4064975
 -4907830
 -5576782
 -6048238
 -6305418
 -6339219
 -6148460
 -5739858
 -5127976
 -4334424
 -3387305
 -2320189
 -1170828
    19978
  1210060
  2357267
  3420963
  4363513
  5151460
  5756884
  6158431
  6341774
  6300411
  6035903
  5557596
  4882345
  4034189
  3043119
  1944210
   776472
  -418802
 -1599260
 -2723081
 -3750384
 -4644843
 -5374737
 -5914224
 -6244253
 -6353047
 -6236770
 -5899549
 -5353340
 -4617534
 -3718106
 -2686923
 -1560606
  -379005
   816069
  1982194
  3078118
  4064969
  4907821
  5576830
  6048268
  6305463
  6339269
  6148490
  5739904
  5127989
  4334407
  3387307
  2320168
  1170859
   -19962
 -1210058
 -2357253
 -3420997
 -4363545
 -5151443
 -5756886
 -6158409
 -6341761
 -6300451
 -6035909
 -5557576
 -4882393
 -4034211
 -3043140
 -1944220
  -776437
   418841
  1599268
  2723054
  3750371
  4644794
  5374736
  5914237
  6244212
  6353041
  6236798
  5899549
  5353354
  4617522
  3718061
  2686926
  1560618
   379008
  -816031
 -1982205
 -3078127
 -4064975
 -4907830
 -5576782
 -6048238
 -6305418
 -6339219
 -6148460
 -5739858
 -5127976
 -4334424
 -3387305
 -2320189
 -1170828
    19978
  1210060
  2357267
  3420963
  4363513
  5151460
  5756884
  6158431
  6341774
  6300411
  6035903
  5557596
  4882345
  4034189
  3043119
  1944210
   776472
  -418802
 -1599260
 -2723081
 -3750384
 -4644843
 -5374737
 -5914224
 -6244253
 -6353047
 -6236770
 -5899549
 -5353340
 -4617534
 -3718106
 -2686923
 -1560606
  -379005
   816069
  1982194
  3078118
  4064969
  4907821
  5576830
  6048268
  6305463
  6339269
  6148490
  5739904
  5127989
  4334407
  3387307
  2320168
  1170859
   -19962
 -1210058
 -2357253
 -3420997
 -4363545
 -5151443
 -5756886
 -6158409
 -6341761
 -6300451
 -6035909
 -5557576
 -4882393
 -4034211
 -3043140
 -1944220
  -776437
   418841
  1599268
  2723054
  3750371
  4644794
  5374736
  5914237
  6244212
  6353041
  6236798
  5899549
  5353354
  4617522
  3718061
  2686926
  1560618
   379008
  -816031
 -1982205
 -3078127
 -4064975
 -4907830
 -5576782
 -6048238
 -6305418
 -6339219
 -6148460
 -5739858
 -5127976
 -4334424
 -3387305
 -2320189
 -1170828
    19978
  1210060
  2357267
  3420963
  4363513
  5151460
  5756884
  6158431
  6341774
  6300411
  6035903
  5557596
  4882345
  4034189
  3043119
  1944210
   776472
  -418802
 -1599260
 -2723081
 -3750384
 -4644843
 -5374737
 -5914224
 -6244253
 -6353047
 -6236770
 -5899549
 -5353340
 -4617534
 -3718106
 -2686923
 -1560606
  -379005
   816069
  1982194
  3078118
  4064969
  4907821
  5576830
  6048268
  6305463
  6339269
  6148490
  5739904
  5127989
  4334407
  3387307
  2320168
  1170859
   -19962
 -1210058
 -2357253
 -3420997
 -4363545
 -5151443
 -5756886
 -6158409
 -6341761
 -6300451
 -6035909
 -5557576
 -4882393
 -4034211
 -3043140
 -1944220
  -776437
   418841
  1599268
  2723054
  3750371
  4644794
  5374736
  5914237
  6244212
  6353041
  6236798
  5899549
  5353354
  4617522
  3718061
  2686926
  1560618
   379008
  -816031
 -1982205
 -3078127
 -4064975
 -4907830
 -5576782
 -6048238
 -6305418
 -6339219
 -6148460
 -5739858
 -5127976
 -4334424
 -3387305
 -2320189
 -1170828
    19978
  1210060
  2357267
  3420963
  4363513
  5151460
  5756884
  6158431
  6341774
  6300411
  6035903
  5557596
  4882345
  4034189
  3043119
  1944210
   776472
  -418802
 -1599260
 -2723081
 -3750384
 -4644843
 -5374737
 -5914224
 -6244253
 -6353047
 -6236770
 -5899549
 -5353340
 -4617534
 -3718106
 -2686923
 -1560606
  -379005
   816069
  1982194
  3078118
  4064969
  4907821
  5576830
  6048268
  6305463
  6339269
  6148490
  5739904
  5127989
  4334407
  3387307
  2320168
  1170859
   -19962
 -1210058
 -2357253
 -3420997
 -4363545
 -5151443
 -5756886
 -6158409
 -6341761
 -6300451
 -6035909
 -5557576
 -4882393
 -4034211
 -3043140
 -1944219
  -776422
   418861
  1599271
  2723054
  3750371
  4644794
  5374736
  5914237
  6244212
  6353041
  6236798
  5899549
  5353354
  4617522
  3718061
  2686926
  1560618
   379008
  -816031
 -1982205
 -3078127
 -4064975
 -4907830
 -5576782
 -6048238
 -6305418
 -6339219
 -6148460
 -5739858
 -5127976
 -4334424
 -3387305
 -2320189
 -1170828
    19978
  1210060
  2357267
  3420963
  4363513
  5151460
  5756884
  6158431
  6341774
  6300411
  6035903
  5557596
  4882345
  4034189
  3043119
  1944209
   776458
  -418823
 -1599263
 -2723081
 -3750384
 -4644843
 -5374737
 -5914224
 -6244253
 -6353047
 -6236770
 -5899549
 -5353340
 -4617534
 -3718106
 -2686923
 -1560606
  -379005
   816069
  1982194
  3078118
  4064969
  4907821
  5576830
  6048268
  6305463
  6339269
  6148490
  5739904
  5127989
  4334407
  3387307
  2320168
  1170859
   -19962
 -1210058
 -2357253
 -3420997
 -4363545
 -5151443
 -5756886
 -6158409
 -6341761
 -6300451
 -6035909
 -5557576
 -4882393
 -4034211
 -3043140
 -1944219
  -776422
   418861
  1599271
  2723054
  3750371
  4644794
  5374736
  5914237
  6244212
  6353041
  6236798
  5899549
  5353354
  4617522
  3718061
  2686926
  1560618
   379008
  -816031
 -1982205
 -3078127
 -4064975
 -4907830
 -5576782
 -6048238
 -6305418
 -6339219
 -6148460
 -5739858
 -5127976
 -4334424
 -3387305
 -2320189
 -1170828
    19978
  1210060
  2357267
  3420963
  4363513
  5151460
  5756884
  6158431
  6341774
  6300411
  6035903
  5557596
  4882345
  4034189
  3043119
  1944209
   776458
  -418823
 -1599263
 -2723081
 -3750384
 -4644843
 -5374737
 -5914224
 -6244253
 -6353047
 -6236770
 -5899549
 -5353340
 -4617534
 -3718106
 -2686923
 -1560606
  -379005
   816069
  1982194
  3078118
  4064969
  4907821
  5576830
  6048268
  6305463
  6339269
  6148490
  5739904
  5127989
  4334407
  3387307
  2320168
  1170859
   -19962
 -1210058
 -2357253
 -3420997
 -4363545
 -5151443
 -5756886
 -6158409
 -6341761
 -6300451
 -6035909
 -5557576
 -4882393
 -4034211
 -3043140
 -1944220
  -776437
   418841
  1599268
  2723054
  3750371
  4644794
  5374736
  5914237
  6244212
  6353041
  6236798
  5899549
  5353354
  4617522
  3718061
  2686926
  1560618
   379008
  -816031
 -1982205
 -3078127
 -4064975
 -4907830
 -5576782
 -6048238
 -6305418
 -6339219
 -6148460
 -5739858
 -5127976
 -4334424
 -3387305
 -2320189
 -1170828
    19978
  1210060
  2357267
  3420963
  4363513
  5151460
  5756884
  6158431
  6341774
  6300411
  6035903
  5557596
  4882345
  4034189
  3043119
  1944209
   776458
  -418823
 -1599263
 -2723081
 -3750384
 -4644843
 -5374737
 -5914224
 -6244253
 -6353047
 -6236770
 -5899549
 -5353340
 -4617534
 -3718106
 -2686923
 -1560606
  -379005
   816069
  1982194
  3078118
  4064969
  4907821
  5576830
  6048268
  6305463
  6339269
  6148490
  5739904
  5127989
  4334407
  3387307
  2320168
  1170859
   -19962
 -1210058
 -2357253
 -3420997
 -4363545
 -5151443
 -5756886
 -6158409
 -6341761
 -6300451
 -6035909
 -5557576
 -4882393
 -4034211
 -3043140
 -1944219
  -776422
   418861
  1599271
  2723054
  3750371
  4644794
  5374736
  5914237
  6244212
  6353041
  6236798
  5899549
  5353354
  4617522
  3718061
  2686926
  1560618
   379008
  -816031
 -1982205
 -3078127
 -4064975
 -4907830
 -5576782
 -6048238
 -6305418
 -6339219
 -6148460
 -5739858
 -5127976
 -4334424
 -3387305
 -2320189
 -1170828
    19978
  1210060
  2357267
  3420963
  4363513
  5151460
  5756884
  6158431
  6341774
  6300411
  6035903
  5557596
  4882345
  4034189
  3043119
  1944209
   776458
  -418823
 -1599263
 -2723081
 -3750384
 -4644843
 -5374737
 -5914224
 -6244253
 -6353047
 -6236770
 -5899549
 -5353340
 -4617534
 -3718106
 -2686923
 -1560606
  -379005
   816069
  1982194
  3078118
  4064969
  4907821
  5576830
  6048268
  6305463
  6339269
  6148490
  5739904
  5127989
  4334407
  3387307
  2320168
  1170859
   -19962
 -1210058
 -2357253
 -3420997
 -4363545
 -5151443
 -5756886
 -6158409
 -6341761
 -6300451
 -6035909
 -5557576
 -4882393
 -4034211
 -3043140
 -1944220
  -776437
   418841
  1599268
  2723054
  3750371
  4644794
  5374736
  5914237
  6244212
  6353041
  6236798
  5899549
  5353354
  4617522
  3718061
  2686926
  1560618
   379008
  -816031
 -1982205
 -3078127
 -4064975
 -4907830
 -5576782
 -6048238
 -6305418
 -6339219
 -6148460
 -5739858
 -5127976
 -4334424
 -3387305
 -2320189
 -1170828
    19978
  1210060
  2357267
  3420963
  4363513
  5151460
  5756884
  6158431
  6341774
  6300411
  6035903
  5557596
  4882345
  4034189
  3043119
  1944209
   776458
  -418823
 -1599263
 -2723081
 -3750384
 -4644843
 -5374737
 -5914224
 -6244253
 -6353047
 -6236770
 -5899549
 -5353340
 -4617534
 -3718106
 -2686923
 -1560606
  -379005
   816069
  1982194
  3078118
  4064969
  4907821
  5576830
  6048268
  6305463
  6339269
  6148490
  5739904
  5127989
  4334407
  3387307
  2320168
  1170859
   -19962
 -1210058
 -2357253
 -3420997
 -4363545
 -5151443
 -5756886
 -6158409
 -6341761
 -6300451
 -6035909
 -5557576
 -4882393
 -4034211
 -3043140
 -1944219
  -776422
   418861
  1599271
  2723054
  3750371
  4644794
  5374736
  5914237
  6244212
  6353041
  6236798
  5899549
  5353354
  4617522
  3718061
  2686926
  1560618
   379008
  -816031
 -1982205
 -3078127
 -4064975
 -4907830
 -5576782
 -6048238
 -6305418
 -6339219
 -6148460
 -5739858
 -5127976
 -4334424
 -3387305
 -2320189
 -1170828
    19978
  1210060
  2357267
  3420963
  4363513
  5151460
  5756884
  6158431
  6341774
  6300411
  6035903
  5557596
  4882345
  4034189
  3043119
  1944209
   776458
  -418823
 -1599263
 -2723081
 -3750384
 -4644843
 -5374737
 -5914224
 -6244253
 -6353047
 -6236770
 -5899549
 -5353340
 -4617534
 -3718106
 -2686923
 -1560606
  -379005
   816069
  1982194
  3078118
  4064969
  4907821
  5576830
  6048268
  6305463
  6339269
  6148490
  5739904
  5127989
  4334407
  3387307
  2320168
  1170859
   -19962
 -1210058
 -2357253
 -3420997
 -4363545
 -5151443
 -5756886
 -6158409
 -6341761
 -6300451
 -6035909
 -5557576
 -4882393
 -4034211
 -3043140
 -1944220
  -776437
   418841
  1599268
  2723054
  3750371
  4644794
  5374736
  5914237
  6244212
  6353041
  6236798
  5899549
  5353354
  4617522
  3718061
  2686926
  1560618
   379008
  -816031
 -1982205
 -3078127
 -4064975
 -4907830
 -5576782
 -6048238
 -6305418
 -6339219
 -6148460
 -5739858
 -5127976
 -4334424
 -3387305
 -2320189
 -1170828
    19978
  1210060
  2357267
  3420963
  4363513
  5151460
  5756884
  6158431
  6341774
  6300411
  6035903
  5557596
  4882345
  4034189
  3043119
  1944210
   776472
  -418802
 -1599260
 -2723081
 -3750384
 -4644843
 -5374737
 -5914224
 -6244253
 -6353047
 -6236770
 -5899549
 -5353340
 -4617534
 -3718106
 -2686923
 -1560606
  -379005
   816069
  1982194
  3078118
  4064969
  4907821
  5576830
  6048268
  6305463
  6339269
  6148490
  5739904
  5127989
  4334407
  3387307
  2320168
  1170859
   -19962
 -1210058
 -2357253
 -3420997
 -4363545
 -5151443
 -5756886
 -6158409
 -6341761
 -6300451
 -6035909
 -5557576
 -4882393
 -4034211
 -3043140
 -1944219
  -776422
   418861
  1599271
  2723054
  3750371
  4644794
  5374736
  5914237
  6244212
  6353041
  6236798
  5899549
  5353354
  4617522
  3718061
  2686926
  1560618
   379008
  -816031
 -1982205
 -3078127
 -4064975
 -4907830
 -5576782
 -6048238
 -6305418
 -6339219
 -6148460
 -5739858
 -5127976
 -4334424
 -3387305
 -2320189
 -1170828
    19978
  1210060
  2357267
  3420963
  4363513
  5151460
  5756884
  6158431
  6341774
  6300411
  6035903
  5557596
  4882345
  4034189
  3043119
  1944210
   776472
  -418802
 -1599260
 -2723081
 -3750384
 -4644843
 -5374737
 -5914224
 -6244253
 -6353047
 -6236770
 -5899549
 -5353340
 -4617534
 -3718106
 -2686923
 -1560606
  -379005
   816069
  1982194
  3078118
  4064969
  4907821
  5576830
  6048268
  6305463
  6339269
  6148490
  5739904
  5127989
  4334407
  3387307
  2320168
  1170859
   -19962
 -1210058
 -2357253
 -3420997
 -4363545
 -5151443
 -5756886
 -6158409
 -6341761
 -6300451
 -6035909
 -5557576
 -4882393
 -4034211
 -3043140
 -1944220
  -776437
   418841
  1599268
  2723054
  3750371
  4644794
  5374736
  5914237
  6244212
  6353041
  6236798
  5899549
  5353354
  4617522
  3718061
  2686926
  1560618
   379008
  -816031
 -1982205
 -3078127
 -4064975
 -4907830
 -5576782
 -6048238
 -6305418
 -6339219
 -6148460
 -5739858
 -5127976
 -4334424
 -3387305
 -2320189
 -1170828
    19978
  1210060
  2357267
  3420963
  4363513
  5151460
  5756884
  6158431
  6341774
  6300411
  6035903
  5557596
  4882345
  4034189
  3043119
  1944209
   776458
  -418823
 -1599263
 -2723081
 -3750384
 -4644843
 -5374737
 -5914224
 -6244253
 -6353047
 -6236770
 -5899549
 -5353340
 -4617534
 -3718106
 -2686923
 -1560606
  -379005
   816069
  1982194
  3078118
  4064969
  4907821
  5576830
  6048268
  6305463
  6339269
  6148490
  5739904
  5127989
  4334407
  3387307
  2320168
  1170859
   -19962
 -1210058
 -2357253
 -3420997
 -4363545
 -5151443
 -5756886
 -6158409
 -6341761
 -6300451
 -6035909
 -5557576
 -4882393
 -4034211
 -3043140
 -1944219
  -776422
   418861
  1599271
  2723054
  3750371
  4644794
  5374736
  5914237
  6244212
  6353041
  6236798
  5899549
  5353354
  4617522
  3718061
  2686926
  1560618
   379008
  -816031
 -1982205
 -3078127
 -4064975
 -4907830
 -5576782
 -6048238
 -6305418
 -6339219
 -6148460
 -5739858
 -5127976
 -4334424
 -3387305
 -2320189
 -1170828
    19978
  1210060
  2357267
  3420963
  4363513
  5151460
  5756884
  6158431
  6341774
  6300411
  6035903
  5557596
  4882345
  4034189
  3043119
  1944210
   776472
  -418802
 -1599260
 -2723081
 -3750384
 -4644843
 -5374737
 -5914224
 -6244253
 -6353047
 -6236770
 -5899549
 -5353340
 -4617534
 -3718106
 -2686923
 -1560606
  -379005
   816069
  1982194
  3078118
  4064969
  4907821
  5576830
  6048268
  6305463
  6339269
  6148490
  5739904
  5127989
  4334407
  3387307
  2320168
  1170859
   -19962
 -1210058
 -2357253
 -3420997
 -4363545
 -5151443
 -5756886
 -6158409
 -6341761
 -6300451
 -6035909
 -5557576
 -4882393
 -4034211
 -3043140
 -1944219
  -776422
   418861
  1599271
  2723054
  3750371
  4644794
  5374736
  5914237
  6244212
  6353041
  6236798
  5899549
  5353354
  4617522
  3718061
  2686926
  1560618
   379008
  -816031
 -1982205
 -3078127
 -4064975
 -4907830
 -5576782
 -6048238
 -6305418
 -6339219
 -6148460
 -5739858
 -5127976
 -4334424
 -3387305
 -2320189
 -1170828
    19978
  1210060
  2357267
  3420963
  4363513
  5151460
  5756884
  6158431
  6341774
  6300411
  6035903
  5557596
  4882345
  4034189
  3043119
  1944209
   776458
  -418823
 -1599263
 -2723081
 -3750384
 -4644843
 -5374737
 -5914224
 -6244253
 -6353047
 -6236770
 -5899549
 -5353340
 -4617534
 -3718106
 -2686923
 -1560606
  -379005
   816069
  1982194
  3078118
  4064969
  4907821
  5576830
  6048268
  6305463
  6339269
  6148490
  5739904
  5127989
  4334407
  3387307
  2320168
  1170859
   -19962
 -1210058
 -2357253
 -3420997
 -4363545
 -5151443
 -5756886
 -6158409
 -6341761
 -6300451
 -6035909
 -5557576
 -4882393
 -4034211
 -3043140
 -1944219
  -776422
   418861
  1599271
  2723054
  3750371
  4644794
  5374736
  5914237
  6244212
  6353041
  6236798
  5899549
  5353354
  4617522
  3718061
  2686926
  1560618
   379008
  -816031
 -1982205
 -3078127
 -4064975
 -4907830
 -5576782
 -6048238
 -6305418
 -6339219
 -6148460
 -5739858
 -5127976
 -4334424
 -3387305
 -2320189
 -1170828
    19978
  1210060
  2357267
  3420963
  4363513
  5151460
  5756884
  6158431
  6341774
  6300411
  6035903
  5557596
  4882345
  4034189
  3043119
  1944209
   776458
  -418823
 -1599263
 -2723081
 -3750384
 -4644843
 -5374737
 -5914224
 -6244253
 -6353047
 -6236770
 -5899549
 -5353340
 -4617534
 -3718106
 -2686923
 -1560606
  -379005
   816069
  1982194
  3078118
  4064969
  4907821
  5576830
  6048268
  6305463
  6339269
  6148490
  5739904
  5127989
  4334407
  3387307
  2320168
  1170859
   -19962
 -1210058
 -2357253
 -3420997
 -4363545
 -5151443
 -5756886
 -6158409
 -6341761
 -6300451
 -6035909
 -5557576
 -4882393
 -4034211
 -3043140
 -1944219
  -776422
   418861
  1599271
  2723054
  3750371
  4644794
  5374736
  5914237
  6244212
  6353041
  6236798
  5899549
  5353354
  4617522
  3718061
  2686926
  1560618
   379008
  -816031
 -1982205
 -3078127
 -4064975
 -4907830
 -5576782
 -6048238
 -6305418
 -6339219
 -6148460
 -5739858
 -5127976
 -4334424
 -3387305
 -2320189
 -1170828
    19978
  1210060
  2357267
  3420963
  4363513
  5151460
  5756884
  6158431
  6341774
  6300411
  6035903
  5557596
  4882345
  4034189
  3043119
  1944209
   776458
  -418823
 -1599263
 -2723081
 -3750384
 -4644843
 -5374737
 -5914224
 -6244253
 -6353047
 -6236770
 -5899549
 -5353340
 -4617534
 -3718106
 -2686923
 -1560606
  -379005
   816069
  1982194
  3078118
  4064969
  4907821
  5576830
  6048268
  6305463
  6339269
  6148490
  5739904
  5127989
  4334407
  3387307
  2320168
  1170859
   -19962
 -1210058
 -2357253
 -3420997
 -4363545
 -5151443
 -5756886
 -6158409
 -6341761
 -6300451
 -6035909
 -5557576
 -4882393
 -4034211
 -3043140
 -1944219
  -776422
   418861
  1599271
  2723054
  3750371
  4644794
  5374736
  5914237
  6244212
  6353041
  6236798
  5899549
  5353354
  4617522
  3718061
  2686926
  1560618
   379008
  -816031
 -1982205
 -3078127
 -4064975
 -4907830
 -5576782
 -6048238
 -6305418
 -6339219
 -6148460
 -5739858
 -5127976
 -4334424
 -3387305
 -2320189
 -1170828
    19978
  1210060
  2357267
  3420963
  4363513
  5151460
  5756884
  6158431
  6341774
  6300411
  6035903
  5557596
  4882345
  4034189
  3043119
  1944210
   776472
  -418802
 -1599260
 -2723081
 -3750384
 -4644843
 -5374737
 -5914224
 -6244253
 -6353047
 -6236770
 -5899549
 -5353340
 -4617534
 -3718106
 -2686923
 -1560606
  -379005
   816069
  1982194
  3078118
  4064969
  4907821
  5576830
  6048268
  6305463
  6339269
  6148490
  5739904
  5127989
  4334407
  3387307
  2320168
  1170859
   -19962
 -1210058
 -2357253
 -3420997
 -4363545
 -5151443
 -5756886
 -6158409
 -6341761
 -6300451
 -6035909
 -5557576
 -4882393
 -4034211
 -3043140
 -1944219
  -776422
   418861
  1599271
  2723054
  3750371
  4644794
  5374736
  5914237
  6244212
  6353041
  6236798
  5899549
  5353354
  4617522
  3718061
  2686926
  1560618
   379008
  -816031
 -1982205
 -3078127
 -4064975
 -4907830
 -5576782
 -6048238
 -6305418
 -6339219
 -6148460
 -5739858
 -5127976
 -4334424
 -3387305
 -2320189
 -1170828
    19978
  1210060
  2357267
  3420963
  4363513
  5151460
  5756884
  6158431
  6341774
  6300411
  6035903
  5557596
  4882345
  4034189
  3043119
  1944210
   776472
  -418802
 -1599260
 -2723081
 -3750384
 -4644843
 -5374737
 -5914224
 -6244253
 -6353047
 -6236770
 -5899549
 -5353340
 -4617534
 -3718106
 -2686923
 -1560606
  -379005
   816069
  1982194
  3078118
  4064969
  4907821
  5576830
  6048268
  6305463
  6339269
  6148490
  5739904
  5127989
  4334407
  3387307
  2320168
  1170859
   -19962
 -1210058
 -2357253
 -3420997
 -4363545
 -5151443
 -5756886
 -6158409
 -6341761
 -6300451
 -6035909
 -5557576
 -4882393
 -4034211
 -3043140
 -1944220
  -776437
   418841
  1599268
  2723054
  3750371
  4644794
  5374736
  5914237
  6244212
  6353041
  6236798
  5899549
  5353354
  4617522
  3718061
  2686926
  1560618
   379008
  -816031
 -1982205
 -3078127
 -4064975
 -4907830
 -5576782
 -6048238
 -6305418
 -6339219
 -6148460
 -5739858
 -5127976
 -4334424
 -3387305
 -2320189
 -1170828
    19978
  1210060
  2357267
  3420963
  4363513
  5151460
  5756884
  6158431
  6341774
  6300411
  6035903
  5557596
  4882345
  4034189
  3043119
  1944209
   776458
  -418823
 -1599263
 -2723081
 -3750384
 -4644843
 -5374737
 -5914224
 -6244253
 -6353047
 -6236770
 -5899549
 -5353340
 -4617534
 -3718106
 -2686923
 -1560606
  -379005
   816069
  1982194
  3078118
  4064969
  4907821
  5576830
  6048268
  6305463
  6339269
  6148490
  5739904
  5127989
  4334407
  3387307
  2320168
  1170859
   -19962
 -1210058
 -2357253
 -3420997
 -4363545
 -5151443
 -5756886
 -6158409
 -6341761
 -6300451
 -6035909
 -5557576
 -4882393
 -4034211
 -3043140
 -1944219
  -776422
   418861
  1599271
  2723054
  3750371
  4644794
  5374736
  5914237
  6244212
  6353041
  6236798
  5899549
  5353354
  4617522
  3718061
  2686926
  1560618
   379008
  -816031
 -1982205
 -3078127
 -4064975
 -4907830
 -5576782
 -6048238
 -6305418
 -6339219
 -6148460
 -5739858
 -5127976
 -4334424
 -3387305
 -2320189
 -1170828
    19978
  1210060
  2357267
  3420963
  4363513
  5151460
  5756884
  6158431
  6341774
  6300411
  6035903
  5557596
  4882345
  4034189
  3043119
  1944210
   776472
  -418802
 -1599260
 -2723081
 -3750384
 -4644843
 -5374737
 -5914224
 -6244253
 -6353047
 -6236770
 -5899549
 -5353340
 -4617534
 -3718106
 -2686923
 -1560606
  -379005
   816069
  1982194
  3078118
  4064969
  4907821
  5576830
  6048268
  6305463
  6339269
  6148490
  5739904
  5127989
  4334407
  3387307
  2320168
  1170859
   -19962
 -1210058
 -2357253
 -3420997
 -4363545
 -5151443
 -5756886
 -6158409
 -6341761
 -6300451
 -6035909
 -5557576
 -4882393
 -4034211
 -3043140
 -1944219
  -776422
   418861
  1599271
  2723054
  3750371
  4644794
  5374736
  5914237
  6244212
  6353041
  6236798
  5899549
  5353354
  4617522
  3718061
  2686926
  1560618
   379008
  -816031
 -1982205
 -3078127
 -4064975
 -4907830
 -5576782
 -6048238
 -6305418
 -6339219
 -6148460
 -5739858
 -5127976
 -4334424
 -3387305
 -2320189
 -1170828
    19978
  1210060
  2357267
  3420963
  4363513
  5151460
  5756884
  6158431
  6341774
  6300411
  6035903
  5557596
  4882345
  4034189
  3043119
  1944209
   776458
  -418823
 -1599263
 -2723081
 -3750384
 -4644843
 -5374737
 -5914224
 -6244253
 -6353047
 -6236770
 -5899549
 -5353340
 -4617534
 -3718106
 -2686923
 -1560606
  -379005
   816069
  1982194
  3078118
  4064969
  4907821
  5576830
  6048268
  6305463
  6339269
  6148490
  5739904
  5127989
  4334407
  3387307
  2320168
  1170859
   -19962
 -1210058
 -2357253
 -3420997
 -4363545
 -5151443
 -5756886
 -6158409
 -6341761
 -6300451
 -6035909
 -5557576
 -4882393
 -4034211
 -3043140
 -1944220
  -776437
   418841
  1599268
  2723054
  3750371
  4644794
  5374736
  5914237
  6244212
  6353041
  6236798
  5899549
  5353354
  4617522
  3718061
  2686926
  1560618
   379008
  -816031
 -1982205
 -3078127
 -4064975
 -4907830
 -5576782
 -6048238
 -6305418
 -6339219
 -6148460
 -5739858
 -5127976
 -4334424
 -3387305
 -2320189
 -1170828
    19978
  1210060
  2357267
  3420963
  4363513
  5151460
  5756884
  6158431
  6341774
  6300411
  6035903
  5557596
  4882345
  4034189
  3043119
  1944209
   776458
  -418823
 -1599263
 -2723081
 -3750384
 -4644843
 -5374737
 -5914224
 -6244253
 -6353047
 -6236770
 -5899549
 -5353340
 -4617534
 -3718106
 -2686923
 -1560606
  -379005
   816069
  1982194
  3078118
  4064969
  4907821
  5576830
  6048268
  6305463
  6339269
  6148490
  5739904
  5127989
  4334407
  3387307
  2320168
  1170859
   -19962
 -1210058
 -2357253
 -3420997
 -4363545
 -5151443
 -5756886
 -6158409
 -6341761
 -6300451
 -6035909
 -5557576
 -4882393
 -4034211
 -3043140
 -1944219
  -776422
   418861
  1599271
  2723054
  3750371
  4644794
  5374736
  5914237
  6244212
  6353041
  6236798
  5899549
  5353354
  4617522
  3718061
  2686926
  1560618
   379008
  -816031
 -1982205
 -3078127
 -4064975
 -4907830
 -5576782
 -6048238
 -6305418
 -6339219
 -6148460
 -5739858
 -5127976
 -4334424
 -3387305
 -2320189
 -1170828
    19978
  1210060
  2357267
  3420963
  4363513
  5151460
  5756884
  6158431
  6341774
  6300411
  6035903
  5557596
  4882345
  4034189
  3043119
  1944210
   776472
  -418802
 -1599260
 -2723081
 -3750384
 -4644843
 -5374737
 -5914224
 -6244253
 -6353047
 -6236770
 -5899549
 -5353340
 -4617534
 -3718106
 -2686923
 -1560606
  -379005
   816069
  1982194
  3078118
  4064969
  4907821
  5576830
  6048268
  6305463
  6339269
  6148490
  5739904
  5127989
  4334407
  3387307
  2320168
  1170859
   -19962
 -1210058
 -2357253
 -3420997
 -4363545
 -5151443
 -5756886
 -6158409
 -6341761
 -6300451
 -6035909
 -5557576
 -4882393
 -4034211
 -3043140
 -1944220
  -776437
   418841
  1599268
  2723054
  3750371
  4644794
  5374736
  5914237
  6244212
  6353041
  6236798
  5899549
  5353354
  4617522
  3718061
  2686926
  1560618
   379008
  -816031
 -1982205
 -3078127
 -4064975
 -4907830
 -5576782
 -6048238
 -6305418
 -6339219
 -6148460
 -5739858
 -5127976
 -4334424
 -3387305
 -2320189
 -1170828
    19978
  1210060
  2357267
  3420963
  4363513
  5151460
  5756884
  6158431
  6341774
  6300411
  6035903
  5557596
  4882345
  4034189
  3043119
  1944210
   776472
  -418802
 -1599260
 -2723081
 -3750384
 -4644843
 -5374737
 -5914224
 -6244253
 -6353047
 -6236770
 -5899549
 -5353340
 -4617534
 -3718106
 -2686923
 -1560606
  -379005
   816069
  1982194
  3078118
  4064969
  4907821
  5576830
  6048268
  6305463
  6339269
  6148490
  5739904
  5127989
  4334407
  3387307
  2320168
  1170859
   -19962
 -1210058
 -2357253
 -3420997
 -4363545
 -5151443
 -5756886
 -6158409
 -6341761
 -6300451
 -6035909
 -5557576
 -4882393
 -4034211
 -3043140
 -1944220
  -776437
   418841
  1599268
  2723054
  3750371
  4644794
  5374736
  5914237
  6244212
  6353041
  6236798
  5899549
  5353354
  4617522
  3718061
  2686926
  1560618
   379008
  -816031
 -1982205
 -3078127
 -4064975
 -4907830
 -5576782
 -6048238
 -6305418
 -6339219
 -6148460
 -5739858
 -5127976
 -4334424
 -3387305
 -2320189
 -1170828
    19978
  1210060
  2357267
  3420963
  4363513
  5151460
  5756884
  6158431
  6341774
  6300411
  6035903
  5557596
  4882345
  4034189
  3043119
  1944210
   776472
  -418802
 -1599260
 -2723081
 -3750384
 -4644843
 -5374737
 -5914224
 -6244253
 -6353047
 -6236770
 -5899549
 -5353340
 -4617534
 -3718106
 -2686923
 -1560606
  -379005
   816069
  1982194
  3078118
  4064969
  4907821
  5576830
  6048268
  6305463
  6339269
  6148490
  5739904
  5127989
  4334407
  3387307
  2320168
  1170859
   -19962
 -1210058
 -2357253
 -3420997
 -4363545
 -5151443
 -5756886
 -6158409
 -6341761
 -6300451
 -6035909
 -5557576
 -4882393
 -4034211
 -3043140
 -1944220
  -776437
   418841
  1599268
  2723054
  3750371
  4644794
  5374736
  5914237
  6244212
  6353041
  6236798
  5899549
  5353354
  4617522
  3718061
  2686926
  1560618
   379008
  -816031
 -1982205
 -3078127
 -4064975
 -4907830
 -5576782
 -6048238
 -6305418
 -6339219
 -6148460
 -5739858
 -5127976
 -4334424
 -3387305
 -2320189
 -1170828
    19978
  1210060
  2357267
  3420963
  4363513
  5151460
  5756884
  6158431
  6341774
  6300411
  6035903
  5557596
  4882345
  4034189
  3043119
  1944210
   776472
  -418802
 -1599260
 -2723081
 -3750384
 -4644843
 -5374737
 -5914224
 -6244253
 -6353047
 -6236770
 -5899549
 -5353340
 -4617534
 -3718106
 -2686923
 -1560606
  -379005
   816069
  1982194
  3078118
  4064969
  4907821
  5576830
  6048268
  6305463
  6339269
  6148490
  5739904
  5127989
  4334407
  3387307
  2320168
  1170859
   -19962
 -1210058
 -2357253
 -3420997
 -4363545
 -5151443
 -5756886
 -6158409
 -6341761
 -6300451
 -6035909
 -5557576
 -4882393
 -4034211
 -3043140
 -1944219
  -776422
   418861
  1599271
  2723054
  3750371
  4644794
  5374736
  5914237
  6244212
  6353041
  6236798
  5899549
  5353354
  4617522
  3718061
  2686926
  1560618
   379008
  -816031
 -1982205
 -3078127
 -4064975
 -4907830
 -5576782
 -6048238
 -6305418
 -6339219
 -6148460
 -5739858
 -5127976
 -4334424
 -3387305
 -2320189
 -1170828
    19978
  1210060
  2357267
  3420963
  4363513
  5151460
  5756884
  6158431
  6341774
  6300411
  6035903
  5557596
  4882345
  4034189
  3043119
  1944210
   776472
  -418802
 -1599260
 -2723081
 -3750384
 -4644843
 -5374737
 -5914224
 -6244253
 -6353047
 -6236770
 -5899549
 -5353340
 -4617534
 -3718106
 -2686923
 -1560606
  -379005
   816069
  1982194
  3078118
  4064969
  4907821
  5576830
  6048268
  6305463
  6339269
  6148490
  5739904
  5127989
  4334407
  3387307
  2320168
  1170859
   -19962
 -1210058
 -2357253
 -3420997
 -4363545
 -5151443
 -5756886
 -6158409
 -6341761
 -6300451
 -6035909
 -5557576
 -4882393
 -4034211
 -3043140
 -1944220
  -776437
   418841
  1599268
  2723054
  3750371
  4644794
  5374736
  5914237
  6244212
  6353041
  6236798
  5899549
  5353354
  4617522
  3718061
  2686926
  1560618
   379008
  -816031
 -1982205
 -3078127
 -4064975
 -4907830
 -5576782
 -6048238
 -6305418
 -6339219
 -6148460
 -5739858
 -5127976
 -4334424
 -3387305
 -2320189
 -1170828
    19978
  1210060
  2357267
  3420963
  4363513
  5151460
  5756884
  6158431
  6341774
  6300411
  6035903
  5557596
  4882345
  4034189
  3043119
  1944209
   776458
  -418823
 -1599263
 -2723081
 -3750384
 -4644843
 -5374737
 -5914224
 -6244253
 -6353047
 -6236770
 -5899549
 -5353340
 -4617534
 -3718106
 -2686923
 -1560606
  -379005
   816069
  1982194
