[   1]  8388607;
[   2]        0;
[   3]  8382647;
[   4]        0;
[   5]  8364774;
[   6]        0;
[   7]  8335015;
[   8]        0;
[   9]  8293411;
[  10]        0;
[  11]  8240022;
[  12]        0;
[  13]  8174923;
[  14]        0;
[  15]  8098207;
[  16]        0;
[  17]  8009983;
[  18]        0;
[  19]  7910377;
[  20]        0;
[  21]  7799530;
[  22]        0;
[  23]  7677599;
[  24]        0;
[  25]  7544757;
[  26]        0;
[  27]  7401194;
[  28]        0;
[  29]  7247114;
[  30]        0;
[  31]  7082735;
[  32]        0;
[  33]  6908291;
[  34]        0;
[  35]  6724030;
[  36]        0;
[  37]  6530214;
[  38]        0;
[  39]  6327118;
[  40]        0;
[  41]  6115031;
[  42]        0;
[  43]  5894254;
[  44]        0;
[  45]  5665102;
[  46]        0;
[  47]  5427898;
[  48]        0;
[  49]  5182981;
[  50]        0;
[  51]  4930699;
[  52]        0;
[  53]  4671411;
[  54]        0;
[  55]  4405484;
[  56]        0;
[  57]  4133296;
[  58]        0;
[  59]  3855235;
[  60]        0;
[  61]  3571695;
[  62]        0;
[  63]  3283080;
[  64]        0;
[  65]  2989799;
[  66]        0;
[  67]  2692270;
[  68]        0;
[  69]  2390915;
[  70]        0;
[  71]  2086162;
[  72]        0;
[  73]  1778444;
[  74]        0;
[  75]  1468200;
[  76]        0;
[  77]  1155869;
[  78]        0;
[  79]   841895;
[  80]        0;
[  81]   526725;
[  82]        0;
[  83]   210806;
[  84]        0;
[  85]  -105412;
[  86]        0;
[  87]  -421480;
[  88]        0;
[  89]  -736949;
[  90]        0;
[  91] -1051371;
[  92]        0;
[  93] -1364299;
[  94]        0;
[  95] -1675289;
[  96]        0;
[  97] -1983897;
[  98]        0;
[  99] -2289687;
[ 100]        0;
[ 101] -2592222;
[ 102]        0;
[ 103] -2891074;
[ 104]        0;
[ 105] -3185818;
[ 106]        0;
[ 107] -3476034;
[ 108]        0;
[ 109] -3761311;
[ 110]        0;
[ 111] -4041242;
[ 112]        0;
[ 113] -4315431;
[ 114]        0;
[ 115] -4583487;
[ 116]        0;
[ 117] -4845030;
[ 118]        0;
[ 119] -5099688;
[ 120]        0;
[ 121] -5347099;
[ 122]        0;
[ 123] -5586912;
[ 124]        0;
[ 125] -5818785;
[ 126]        0;
[ 127] -6042389;
[ 128]        0;
[ 129] -6257407;
[ 130]        0;
[ 131] -6463533;
[ 132]        0;
[ 133] -6660473;
[ 134]        0;
[ 135] -6847949;
[ 136]        0;
[ 137] -7025694;
[ 138]        0;
[ 139] -7193454;
[ 140]        0;
[ 141] -7350992;
[ 142]        0;
[ 143] -7498084;
[ 144]        0;
[ 145] -7634521;
[ 146]        0;
[ 147] -7760109;
[ 148]        0;
[ 149] -7874669;
[ 150]        0;
[ 151] -7978039;
[ 152]        0;
[ 153] -8070072;
[ 154]        0;
[ 155] -8150637;
[ 156]        0;
[ 157] -8219619;
[ 158]        0;
[ 159] -8276921;
[ 160]        0;
[ 161] -8322460;
[ 162]        0;
[ 163] -8356173;
[ 164]        0;
[ 165] -8378012;
[ 166]        0;
[ 167] -8387945;
[ 168]        0;
[ 169] -8385958;
[ 170]        0;
[ 171] -8372054;
[ 172]        0;
[ 173] -8346253;
[ 174]        0;
[ 175] -8308592;
[ 176]        0;
[ 177] -8259123;
[ 178]        0;
[ 179] -8197918;
[ 180]        0;
[ 181] -8125063;
[ 182]        0;
[ 183] -8040663;
[ 184]        0;
[ 185] -7944835;
[ 186]        0;
[ 187] -7837718;
[ 188]        0;
[ 189] -7719463;
[ 190]        0;
[ 191] -7590239;
[ 192]        0;
[ 193] -7450228;
[ 194]        0;
[ 195] -7299630;
[ 196]        0;
[ 197] -7138658;
[ 198]        0;
[ 199] -6967543;
[ 200]        0;
[ 201] -6786526;
[ 202]        0;
[ 203] -6595865;
[ 204]        0;
[ 205] -6395831;
[ 206]        0;
[ 207] -6186708;
[ 208]        0;
[ 209] -5968793;
[ 210]        0;
[ 211] -5742397;
[ 212]        0;
[ 213] -5507840;
[ 214]        0;
[ 215] -5265456;
[ 216]        0;
[ 217] -5015590;
[ 218]        0;
[ 219] -4758596;
[ 220]        0;
[ 221] -4494840;
[ 222]        0;
[ 223] -4224697;
[ 224]        0;
[ 225] -3948550;
[ 226]        0;
[ 227] -3666792;
[ 228]        0;
[ 229] -3379824;
[ 230]        0;
[ 231] -3088052;
[ 232]        0;
[ 233] -2791892;
[ 234]        0;
[ 235] -2491765;
[ 236]        0;
[ 237] -2188097;
[ 238]        0;
[ 239] -1881319;
[ 240]        0;
[ 241] -1571868;
[ 242]        0;
[ 243] -1260183;
[ 244]        0;
[ 245]  -946708;
[ 246]        0;
[ 247]  -631887;
[ 248]        0;
[ 249]  -316168;
[ 250]        0;
[ 251]        0;
[ 252]        0;
[ 253]   316168;
[ 254]        0;
[ 255]   631887;
[ 256]        0;
[ 257]   946708;
[ 258]        0;
[ 259]  1260183;
[ 260]        0;
[ 261]  1571868;
[ 262]        0;
[ 263]  1881319;
[ 264]        0;
[ 265]  2188097;
[ 266]        0;
[ 267]  2491765;
[ 268]        0;
[ 269]  2791892;
[ 270]        0;
[ 271]  3088052;
[ 272]        0;
[ 273]  3379824;
[ 274]        0;
[ 275]  3666792;
[ 276]        0;
[ 277]  3948550;
[ 278]        0;
[ 279]  4224697;
[ 280]        0;
[ 281]  4494840;
[ 282]        0;
[ 283]  4758596;
[ 284]        0;
[ 285]  5015590;
[ 286]        0;
[ 287]  5265456;
[ 288]        0;
[ 289]  5507840;
[ 290]        0;
[ 291]  5742397;
[ 292]        0;
[ 293]  5968793;
[ 294]        0;
[ 295]  6186708;
[ 296]        0;
[ 297]  6395831;
[ 298]        0;
[ 299]  6595865;
[ 300]        0;
[ 301]  6786526;
[ 302]        0;
[ 303]  6967543;
[ 304]        0;
[ 305]  7138658;
[ 306]        0;
[ 307]  7299630;
[ 308]        0;
[ 309]  7450228;
[ 310]        0;
[ 311]  7590239;
[ 312]        0;
[ 313]  7719463;
[ 314]        0;
[ 315]  7837718;
[ 316]        0;
[ 317]  7944835;
[ 318]        0;
[ 319]  8040663;
[ 320]        0;
[ 321]  8125063;
[ 322]        0;
[ 323]  8197918;
[ 324]        0;
[ 325]  8259123;
[ 326]        0;
[ 327]  8308592;
[ 328]        0;
[ 329]  8346253;
[ 330]        0;
[ 331]  8372054;
[ 332]        0;
[ 333]  8385958;
[ 334]        0;
[ 335]  8387945;
[ 336]        0;
[ 337]  8378012;
[ 338]        0;
[ 339]  8356173;
[ 340]        0;
[ 341]  8322460;
[ 342]        0;
[ 343]  8276921;
[ 344]        0;
[ 345]  8219619;
[ 346]        0;
[ 347]  8150637;
[ 348]        0;
[ 349]  8070072;
[ 350]        0;
[ 351]  7978039;
[ 352]        0;
[ 353]  7874669;
[ 354]        0;
[ 355]  7760109;
[ 356]        0;
[ 357]  7634521;
[ 358]        0;
[ 359]  7498084;
[ 360]        0;
[ 361]  7350992;
[ 362]        0;
[ 363]  7193454;
[ 364]        0;
[ 365]  7025694;
[ 366]        0;
[ 367]  6847949;
[ 368]        0;
[ 369]  6660473;
[ 370]        0;
[ 371]  6463533;
[ 372]        0;
[ 373]  6257407;
[ 374]        0;
[ 375]  6042389;
[ 376]        0;
[ 377]  5818785;
[ 378]        0;
[ 379]  5586912;
[ 380]        0;
[ 381]  5347099;
[ 382]        0;
[ 383]  5099688;
[ 384]        0;
[ 385]  4845030;
[ 386]        0;
[ 387]  4583487;
[ 388]        0;
[ 389]  4315431;
[ 390]        0;
[ 391]  4041242;
[ 392]        0;
[ 393]  3761311;
[ 394]        0;
[ 395]  3476034;
[ 396]        0;
[ 397]  3185818;
[ 398]        0;
[ 399]  2891074;
[ 400]        0;
[ 401]  2592222;
[ 402]        0;
[ 403]  2289687;
[ 404]        0;
[ 405]  1983897;
[ 406]        0;
[ 407]  1675289;
[ 408]        0;
[ 409]  1364299;
[ 410]        0;
[ 411]  1051371;
[ 412]        0;
[ 413]   736949;
[ 414]        0;
[ 415]   421480;
[ 416]        0;
[ 417]   105412;
[ 418]        0;
[ 419]  -210806;
[ 420]        0;
[ 421]  -526725;
[ 422]        0;
[ 423]  -841895;
[ 424]        0;
[ 425] -1155869;
[ 426]        0;
[ 427] -1468200;
[ 428]        0;
[ 429] -1778444;
[ 430]        0;
[ 431] -2086162;
[ 432]        0;
[ 433] -2390915;
[ 434]        0;
[ 435] -2692270;
[ 436]        0;
[ 437] -2989799;
[ 438]        0;
[ 439] -3283080;
[ 440]        0;
[ 441] -3571695;
[ 442]        0;
[ 443] -3855235;
[ 444]        0;
[ 445] -4133296;
[ 446]        0;
[ 447] -4405484;
[ 448]        0;
[ 449] -4671411;
[ 450]        0;
[ 451] -4930699;
[ 452]        0;
[ 453] -5182981;
[ 454]        0;
[ 455] -5427898;
[ 456]        0;
[ 457] -5665102;
[ 458]        0;
[ 459] -5894254;
[ 460]        0;
[ 461] -6115031;
[ 462]        0;
[ 463] -6327118;
[ 464]        0;
[ 465] -6530214;
[ 466]        0;
[ 467] -6724030;
[ 468]        0;
[ 469] -6908291;
[ 470]        0;
[ 471] -7082735;
[ 472]        0;
[ 473] -7247114;
[ 474]        0;
[ 475] -7401194;
[ 476]        0;
[ 477] -7544757;
[ 478]        0;
[ 479] -7677599;
[ 480]        0;
[ 481] -7799530;
[ 482]        0;
[ 483] -7910377;
[ 484]        0;
[ 485] -8009983;
[ 486]        0;
[ 487] -8098207;
[ 488]        0;
[ 489] -8174923;
[ 490]        0;
[ 491] -8240022;
[ 492]        0;
[ 493] -8293411;
[ 494]        0;
[ 495] -8335015;
[ 496]        0;
[ 497] -8364774;
[ 498]        0;
[ 499] -8382647;
[ 500]        0;
[ 501] -8388607;
[ 502]        0;
[ 503] -8382647;
[ 504]        0;
[ 505] -8364774;
[ 506]        0;
[ 507] -8335015;
[ 508]        0;
[ 509] -8293411;
[ 510]        0;
[ 511] -8240022;
[ 512]        0;
[ 513] -8174923;
[ 514]        0;
[ 515] -8098207;
[ 516]        0;
[ 517] -8009983;
[ 518]        0;
[ 519] -7910377;
[ 520]        0;
[ 521] -7799530;
[ 522]        0;
[ 523] -7677599;
[ 524]        0;
[ 525] -7544757;
[ 526]        0;
[ 527] -7401194;
[ 528]        0;
[ 529] -7247114;
[ 530]        0;
[ 531] -7082735;
[ 532]        0;
[ 533] -6908291;
[ 534]        0;
[ 535] -6724030;
[ 536]        0;
[ 537] -6530214;
[ 538]        0;
[ 539] -6327118;
[ 540]        0;
[ 541] -6115031;
[ 542]        0;
[ 543] -5894254;
[ 544]        0;
[ 545] -5665102;
[ 546]        0;
[ 547] -5427898;
[ 548]        0;
[ 549] -5182981;
[ 550]        0;
[ 551] -4930699;
[ 552]        0;
[ 553] -4671411;
[ 554]        0;
[ 555] -4405484;
[ 556]        0;
[ 557] -4133296;
[ 558]        0;
[ 559] -3855235;
[ 560]        0;
[ 561] -3571695;
[ 562]        0;
[ 563] -3283080;
[ 564]        0;
[ 565] -2989799;
[ 566]        0;
[ 567] -2692270;
[ 568]        0;
[ 569] -2390915;
[ 570]        0;
[ 571] -2086162;
[ 572]        0;
[ 573] -1778444;
[ 574]        0;
[ 575] -1468200;
[ 576]        0;
[ 577] -1155869;
[ 578]        0;
[ 579]  -841895;
[ 580]        0;
[ 581]  -526725;
[ 582]        0;
[ 583]  -210806;
[ 584]        0;
[ 585]   105412;
[ 586]        0;
[ 587]   421480;
[ 588]        0;
[ 589]   736949;
[ 590]        0;
[ 591]  1051371;
[ 592]        0;
[ 593]  1364299;
[ 594]        0;
[ 595]  1675289;
[ 596]        0;
[ 597]  1983897;
[ 598]        0;
[ 599]  2289687;
[ 600]        0;
[ 601]  2592222;
[ 602]        0;
[ 603]  2891074;
[ 604]        0;
[ 605]  3185818;
[ 606]        0;
[ 607]  3476034;
[ 608]        0;
[ 609]  3761311;
[ 610]        0;
[ 611]  4041242;
[ 612]        0;
[ 613]  4315431;
[ 614]        0;
[ 615]  4583487;
[ 616]        0;
[ 617]  4845030;
[ 618]        0;
[ 619]  5099688;
[ 620]        0;
[ 621]  5347099;
[ 622]        0;
[ 623]  5586912;
[ 624]        0;
[ 625]  5818785;
[ 626]        0;
[ 627]  6042389;
[ 628]        0;
[ 629]  6257407;
[ 630]        0;
[ 631]  6463533;
[ 632]        0;
[ 633]  6660473;
[ 634]        0;
[ 635]  6847949;
[ 636]        0;
[ 637]  7025694;
[ 638]        0;
[ 639]  7193454;
[ 640]        0;
[ 641]  7350992;
[ 642]        0;
[ 643]  7498084;
[ 644]        0;
[ 645]  7634521;
[ 646]        0;
[ 647]  7760109;
[ 648]        0;
[ 649]  7874669;
[ 650]        0;
[ 651]  7978039;
[ 652]        0;
[ 653]  8070072;
[ 654]        0;
[ 655]  8150637;
[ 656]        0;
[ 657]  8219619;
[ 658]        0;
[ 659]  8276921;
[ 660]        0;
[ 661]  8322460;
[ 662]        0;
[ 663]  8356173;
[ 664]        0;
[ 665]  8378012;
[ 666]        0;
[ 667]  8387945;
[ 668]        0;
[ 669]  8385958;
[ 670]        0;
[ 671]  8372054;
[ 672]        0;
[ 673]  8346253;
[ 674]        0;
[ 675]  8308592;
[ 676]        0;
[ 677]  8259123;
[ 678]        0;
[ 679]  8197918;
[ 680]        0;
[ 681]  8125063;
[ 682]        0;
[ 683]  8040663;
[ 684]        0;
[ 685]  7944835;
[ 686]        0;
[ 687]  7837718;
[ 688]        0;
[ 689]  7719463;
[ 690]        0;
[ 691]  7590239;
[ 692]        0;
[ 693]  7450228;
[ 694]        0;
[ 695]  7299630;
[ 696]        0;
[ 697]  7138658;
[ 698]        0;
[ 699]  6967543;
[ 700]        0;
[ 701]  6786526;
[ 702]        0;
[ 703]  6595865;
[ 704]        0;
[ 705]  6395831;
[ 706]        0;
[ 707]  6186708;
[ 708]        0;
[ 709]  5968793;
[ 710]        0;
[ 711]  5742397;
[ 712]        0;
[ 713]  5507840;
[ 714]        0;
[ 715]  5265456;
[ 716]        0;
[ 717]  5015590;
[ 718]        0;
[ 719]  4758596;
[ 720]        0;
[ 721]  4494840;
[ 722]        0;
[ 723]  4224697;
[ 724]        0;
[ 725]  3948550;
[ 726]        0;
[ 727]  3666792;
[ 728]        0;
[ 729]  3379824;
[ 730]        0;
[ 731]  3088052;
[ 732]        0;
[ 733]  2791892;
[ 734]        0;
[ 735]  2491765;
[ 736]        0;
[ 737]  2188097;
[ 738]        0;
[ 739]  1881319;
[ 740]        0;
[ 741]  1571868;
[ 742]        0;
[ 743]  1260183;
[ 744]        0;
[ 745]   946708;
[ 746]        0;
[ 747]   631887;
[ 748]        0;
[ 749]   316168;
[ 750]        0;
[ 751]        0;
[ 752]        0;
[ 753]  -316168;
[ 754]        0;
[ 755]  -631887;
[ 756]        0;
[ 757]  -946708;
[ 758]        0;
[ 759] -1260183;
[ 760]        0;
[ 761] -1571868;
[ 762]        0;
[ 763] -1881319;
[ 764]        0;
[ 765] -2188097;
[ 766]        0;
[ 767] -2491765;
[ 768]        0;
[ 769] -2791892;
[ 770]        0;
[ 771] -3088052;
[ 772]        0;
[ 773] -3379824;
[ 774]        0;
[ 775] -3666792;
[ 776]        0;
[ 777] -3948550;
[ 778]        0;
[ 779] -4224697;
[ 780]        0;
[ 781] -4494840;
[ 782]        0;
[ 783] -4758596;
[ 784]        0;
[ 785] -5015590;
[ 786]        0;
[ 787] -5265456;
[ 788]        0;
[ 789] -5507840;
[ 790]        0;
[ 791] -5742397;
[ 792]        0;
[ 793] -5968793;
[ 794]        0;
[ 795] -6186708;
[ 796]        0;
[ 797] -6395831;
[ 798]        0;
[ 799] -6595865;
[ 800]        0;
[ 801] -6786526;
[ 802]        0;
[ 803] -6967543;
[ 804]        0;
[ 805] -7138658;
[ 806]        0;
[ 807] -7299630;
[ 808]        0;
[ 809] -7450228;
[ 810]        0;
[ 811] -7590239;
[ 812]        0;
[ 813] -7719463;
[ 814]        0;
[ 815] -7837718;
[ 816]        0;
[ 817] -7944835;
[ 818]        0;
[ 819] -8040663;
[ 820]        0;
[ 821] -8125063;
[ 822]        0;
[ 823] -8197918;
[ 824]        0;
[ 825] -8259123;
[ 826]        0;
[ 827] -8308592;
[ 828]        0;
[ 829] -8346253;
[ 830]        0;
[ 831] -8372054;
[ 832]        0;
[ 833] -8385958;
[ 834]        0;
[ 835] -8387945;
[ 836]        0;
[ 837] -8378012;
[ 838]        0;
[ 839] -8356173;
[ 840]        0;
[ 841] -8322460;
[ 842]        0;
[ 843] -8276921;
[ 844]        0;
[ 845] -8219619;
[ 846]        0;
[ 847] -8150637;
[ 848]        0;
[ 849] -8070072;
[ 850]        0;
[ 851] -7978039;
[ 852]        0;
[ 853] -7874669;
[ 854]        0;
[ 855] -7760109;
[ 856]        0;
[ 857] -7634521;
[ 858]        0;
[ 859] -7498084;
[ 860]        0;
[ 861] -7350992;
[ 862]        0;
[ 863] -7193454;
[ 864]        0;
[ 865] -7025694;
[ 866]        0;
[ 867] -6847949;
[ 868]        0;
[ 869] -6660473;
[ 870]        0;
[ 871] -6463533;
[ 872]        0;
[ 873] -6257407;
[ 874]        0;
[ 875] -6042389;
[ 876]        0;
[ 877] -5818785;
[ 878]        0;
[ 879] -5586912;
[ 880]        0;
[ 881] -5347099;
[ 882]        0;
[ 883] -5099688;
[ 884]        0;
[ 885] -4845030;
[ 886]        0;
[ 887] -4583487;
[ 888]        0;
[ 889] -4315431;
[ 890]        0;
[ 891] -4041242;
[ 892]        0;
[ 893] -3761311;
[ 894]        0;
[ 895] -3476034;
[ 896]        0;
[ 897] -3185818;
[ 898]        0;
[ 899] -2891074;
[ 900]        0;
[ 901] -2592222;
[ 902]        0;
[ 903] -2289687;
[ 904]        0;
[ 905] -1983897;
[ 906]        0;
[ 907] -1675289;
[ 908]        0;
[ 909] -1364299;
[ 910]        0;
[ 911] -1051371;
[ 912]        0;
[ 913]  -736949;
[ 914]        0;
[ 915]  -421480;
[ 916]        0;
[ 917]  -105412;
[ 918]        0;
[ 919]   210806;
[ 920]        0;
[ 921]   526725;
[ 922]        0;
[ 923]   841895;
[ 924]        0;
[ 925]  1155869;
[ 926]        0;
[ 927]  1468200;
[ 928]        0;
[ 929]  1778444;
[ 930]        0;
[ 931]  2086162;
[ 932]        0;
[ 933]  2390915;
[ 934]        0;
[ 935]  2692270;
[ 936]        0;
[ 937]  2989799;
[ 938]        0;
[ 939]  3283080;
[ 940]        0;
[ 941]  3571695;
[ 942]        0;
[ 943]  3855235;
[ 944]        0;
[ 945]  4133296;
[ 946]        0;
[ 947]  4405484;
[ 948]        0;
[ 949]  4671411;
[ 950]        0;
[ 951]  4930699;
[ 952]        0;
[ 953]  5182981;
[ 954]        0;
[ 955]  5427898;
[ 956]        0;
[ 957]  5665102;
[ 958]        0;
[ 959]  5894254;
[ 960]        0;
[ 961]  6115031;
[ 962]        0;
[ 963]  6327118;
[ 964]        0;
[ 965]  6530214;
[ 966]        0;
[ 967]  6724030;
[ 968]        0;
[ 969]  6908291;
[ 970]        0;
[ 971]  7082735;
[ 972]        0;
[ 973]  7247114;
[ 974]        0;
[ 975]  7401194;
[ 976]        0;
[ 977]  7544757;
[ 978]        0;
[ 979]  7677599;
[ 980]        0;
[ 981]  7799530;
[ 982]        0;
[ 983]  7910377;
[ 984]        0;
[ 985]  8009983;
[ 986]        0;
[ 987]  8098207;
[ 988]        0;
[ 989]  8174923;
[ 990]        0;
[ 991]  8240022;
[ 992]        0;
[ 993]  8293411;
[ 994]        0;
[ 995]  8335015;
[ 996]        0;
[ 997]  8364774;
[ 998]        0;
[ 999]  8382647;
[1000]        0;
