        0
   109272
  1330705
  1785682
  4075453
  4236048
  5617600
  2654275
  3670346
  -922586
  1805198
 -4170336
  -545971
 -5825111
 -2786588
 -5254935
 -4635838
 -2677539
 -5834010
   922565
 -6212801
  4170281
 -5718973
  5825092
 -4421978
  5254907
 -2503940
  2677511
  -234208
  -922607
  2068418
 -4170324
  4080494
 -5825100
  5519495
 -5254883
  6183356
 -2677464
  5978744
   922637
  4934421
  4170353
  3197088
  5825117
  1010751
  5254919
 -1317564
  2677509
 -3460855
  -922635
 -5118008
 -4170324
 -6056370
 -5825134
 -6144154
 -5254918
 -5369015
 -2677526
 -3839850
   922585
 -1771322
  4170335
   545981
  5825110
  2786567
  5254934
  4635808
  2677538
  5833973
  -922566
  6212777
 -4170282
  5718965
 -5825093
  4421982
 -5254908
  2503985
 -2677512
   234264
   922606
 -2068369
  4170323
 -4080483
  5825099
 -5519503
  5254882
 -6183376
  2677463
 -5978780
  -922638
 -4934452
 -4170354
 -3197112
 -5825118
 -1010747
 -5254920
  1317558
 -2677510
  3460812
   922634
  5118008
  4170323
  6056397
  5825133
  6144180
  5254917
  5369025
  2677525
  3839811
  -922586
  1771305
 -4170336
  -545971
 -5825111
 -2786588
 -5254935
 -4635838
 -2677539
