        0
   190527
  2308983
  5247640
  5424366
  4220279
  2580500
   688112
 -1271618
 -3106907
 -4638061
 -5715152
 -6232816
 -6140398
 -5446971
 -4220290
 -2580488
  -688135
  1271574
  3106849
  4638027
  5715172
  6232852
  6140409
  5446925
  4220274
  2580493
   688109
 -1271618
 -3106886
 -4638019
 -5715128
 -6232837
 -6140438
 -5446965
 -4220271
 -2580447
  -688072
  1271634
  3106878
  4638046
  5715163
  6232807
  6140405
  5446954
  4220317
  2580502
   688108
 -1271623
 -3106895
 -4638020
 -5715152
 -6232885
 -6140455
 -5446938
 -4220280
 -2580501
  -688113
  1271617
  3106906
  4638060
  5715151
  6232815
  6140397
  5446970
  4220289
  2580487
   688134
 -1271575
 -3106850
 -4638028
 -5715173
 -6232853
 -6140410
 -5446926
 -4220275
 -2580494
  -688110
  1271617
  3106885
  4638018
  5715127
  6232836
  6140437
  5446964
  4220270
  2580446
   688071
 -1271635
 -3106879
 -4638047
 -5715164
 -6232808
 -6140406
 -5446955
 -4220318
 -2580502
  -688109
  1271622
  3106894
  4638019
  5715151
  6232884
  6140454
  5446937
  4220279
  2580500
   688112
 -1271618
 -3106907
 -4638061
 -5715152
 -6232816
 -6140398
 -5446971
 -4220290
 -2580488
  -688135
  1271574
  3106849
  4638027
  5715172
  6232852
  6140409
  5446925
  4220274
  2580493
   688109
 -1271618
 -3106886
 -4638019
 -5715128
 -6232837
 -6140438
 -5446965
 -4220271
 -2580447
  -688072
  1271634
  3106878
  4638046
  5715163
  6232807
  6140405
  5446954
  4220317
  2580502
   688108
 -1271623
 -3106895
 -4638020
 -5715152
 -6232885
 -6140455
 -5446938
 -4220280
 -2580501
  -688113
  1271617
  3106906
  4638060
  5715151
  6232815
  6140397
  5446970
  4220289
  2580487
   688134
 -1271575
 -3106850
 -4638028
 -5715173
 -6232853
 -6140410
 -5446926
 -4220275
 -2580494
  -688110
  1271617
  3106885
  4638018
  5715127
  6232836
  6140437
  5446964
  4220270
  2580446
   688071
 -1271635
 -3106879
 -4638047
 -5715164
 -6232808
 -6140406
 -5446955
 -4220318
 -2580502
  -688109
  1271622
  3106894
  4638019
  5715151
  6232884
  6140454
  5446937
  4220279
  2580500
   688112
 -1271618
 -3106907
 -4638061
 -5715152
 -6232816
 -6140398
 -5446971
 -4220290
 -2580488
  -688135
  1271574
  3106849
  4638027
  5715172
  6232852
  6140409
  5446925
  4220274
  2580493
   688109
 -1271618
 -3106886
 -4638019
 -5715128
 -6232837
 -6140438
 -5446965
 -4220271
 -2580447
  -688072
  1271634
  3106878
  4638046
  5715163
  6232807
  6140405
  5446954
  4220317
  2580502
   688108
 -1271623
 -3106895
 -4638020
 -5715152
 -6232885
 -6140455
 -5446938
 -4220280
 -2580501
  -688113
  1271617
  3106906
  4638060
  5715151
  6232815
  6140397
  5446970
  4220289
  2580487
   688134
 -1271575
 -3106850
 -4638028
 -5715173
 -6232853
 -6140410
 -5446926
 -4220275
 -2580494
  -688110
  1271617
  3106885
  4638018
  5715127
  6232836
  6140437
  5446964
  4220270
  2580446
   688071
 -1271635
 -3106879
 -4638047
 -5715164
 -6232808
 -6140406
 -5446955
 -4220318
 -2580502
  -688109
  1271622
  3106894
  4638019
  5715151
  6232884
  6140454
  5446937
  4220279
  2580500
   688112
 -1271618
 -3106907
 -4638061
 -5715152
 -6232816
 -6140398
 -5446971
 -4220290
 -2580488
  -688135
  1271574
  3106849
  4638027
  5715172
  6232852
  6140409
  5446925
  4220274
  2580493
   688109
 -1271618
 -3106886
 -4638019
 -5715128
 -6232837
 -6140438
 -5446965
 -4220271
 -2580447
  -688072
  1271634
  3106878
  4638046
  5715163
  6232807
  6140405
  5446954
  4220317
  2580502
   688108
 -1271623
 -3106895
 -4638020
 -5715152
 -6232885
 -6140455
 -5446938
 -4220280
 -2580501
  -688113
  1271617
  3106906
  4638060
  5715151
  6232815
  6140397
  5446970
  4220289
  2580487
   688134
 -1271575
 -3106850
 -4638028
 -5715173
 -6232853
 -6140410
 -5446926
 -4220275
 -2580494
  -688110
  1271617
  3106885
  4638018
  5715127
  6232836
  6140437
  5446964
  4220270
  2580446
   688071
 -1271635
 -3106879
 -4638047
 -5715164
 -6232808
 -6140406
 -5446955
 -4220318
 -2580502
  -688109
  1271622
  3106894
  4638019
  5715151
  6232884
  6140454
  5446937
  4220279
  2580500
   688112
 -1271618
 -3106907
 -4638061
 -5715152
 -6232816
 -6140398
 -5446971
 -4220290
 -2580488
  -688135
  1271574
  3106849
  4638027
  5715172
  6232852
  6140409
  5446925
  4220274
  2580493
   688109
 -1271618
 -3106886
 -4638019
 -5715128
 -6232837
 -6140438
 -5446965
 -4220271
 -2580447
  -688072
  1271634
  3106878
  4638046
  5715163
  6232807
  6140405
  5446954
  4220317
  2580502
   688108
 -1271623
 -3106895
 -4638020
 -5715152
 -6232885
 -6140455
 -5446938
 -4220280
 -2580501
  -688113
  1271617
  3106906
  4638060
  5715151
  6232815
  6140397
  5446970
  4220289
  2580487
   688134
 -1271575
 -3106850
 -4638028
 -5715173
 -6232853
 -6140410
 -5446926
 -4220275
 -2580494
  -688110
  1271617
  3106885
  4638018
  5715127
  6232836
  6140437
  5446964
  4220270
  2580446
   688071
 -1271635
 -3106879
 -4638047
 -5715164
 -6232808
 -6140406
 -5446955
 -4220318
 -2580502
  -688109
  1271622
  3106894
  4638019
  5715151
  6232884
  6140454
  5446937
  4220279
  2580500
   688112
 -1271618
 -3106907
 -4638061
 -5715152
 -6232816
 -6140398
 -5446971
 -4220290
 -2580488
  -688135
  1271574
  3106849
  4638027
  5715172
  6232852
  6140409
  5446925
  4220274
  2580493
   688109
 -1271618
 -3106886
 -4638019
 -5715128
 -6232837
 -6140438
 -5446965
 -4220271
 -2580447
  -688072
  1271634
  3106878
  4638046
  5715163
  6232807
  6140405
  5446954
  4220317
  2580502
   688108
 -1271623
 -3106895
 -4638020
 -5715152
 -6232885
 -6140455
 -5446938
 -4220280
 -2580501
  -688113
  1271617
  3106906
  4638060
  5715151
  6232815
  6140397
  5446970
  4220289
  2580487
   688134
 -1271575
 -3106850
 -4638028
 -5715173
 -6232853
 -6140410
 -5446926
 -4220275
 -2580494
  -688110
  1271617
  3106885
  4638018
  5715127
  6232836
  6140437
  5446964
  4220270
  2580446
   688071
 -1271635
 -3106879
 -4638047
 -5715164
 -6232808
 -6140406
 -5446955
 -4220318
 -2580502
  -688109
  1271622
  3106894
  4638019
  5715151
  6232884
  6140454
  5446937
  4220279
  2580500
   688112
 -1271618
 -3106907
 -4638061
 -5715152
 -6232816
 -6140398
 -5446971
 -4220290
 -2580488
  -688135
  1271574
  3106849
  4638027
  5715172
  6232852
  6140409
  5446925
  4220274
  2580493
   688109
 -1271618
 -3106886
 -4638019
 -5715128
 -6232837
 -6140438
 -5446965
 -4220271
 -2580447
  -688072
  1271634
  3106878
  4638046
  5715163
  6232807
  6140405
  5446954
  4220317
  2580502
   688108
 -1271623
 -3106895
 -4638020
 -5715152
 -6232885
 -6140455
 -5446938
 -4220280
 -2580501
  -688113
  1271617
  3106906
  4638060
  5715151
  6232815
  6140397
  5446970
  4220289
  2580487
   688134
 -1271575
 -3106850
 -4638028
 -5715173
 -6232853
 -6140410
 -5446926
 -4220275
 -2580494
  -688110
  1271617
  3106885
  4638018
  5715127
  6232836
  6140437
  5446964
  4220270
  2580446
   688071
 -1271635
 -3106879
 -4638047
 -5715164
 -6232808
 -6140406
 -5446955
 -4220318
 -2580502
  -688109
  1271622
  3106894
  4638019
  5715151
  6232884
  6140454
  5446937
  4220279
  2580500
   688112
 -1271618
 -3106907
 -4638061
 -5715152
 -6232816
 -6140398
 -5446971
 -4220290
 -2580488
  -688135
  1271574
  3106849
  4638027
  5715172
  6232852
  6140409
  5446925
  4220274
  2580493
   688109
 -1271618
 -3106886
 -4638019
 -5715128
 -6232837
 -6140438
 -5446965
 -4220271
 -2580447
  -688072
  1271634
  3106878
  4638046
  5715163
  6232807
  6140405
  5446954
  4220317
  2580502
   688108
 -1271623
 -3106895
 -4638020
 -5715152
 -6232885
 -6140455
 -5446938
 -4220280
 -2580501
  -688113
  1271617
  3106906
  4638060
  5715151
  6232815
  6140397
  5446970
  4220289
  2580487
   688134
 -1271575
 -3106850
 -4638028
 -5715173
 -6232853
 -6140410
 -5446926
 -4220275
 -2580494
  -688110
  1271617
  3106885
  4638018
  5715127
  6232836
  6140437
  5446964
  4220270
  2580446
   688071
 -1271635
 -3106879
 -4638047
 -5715164
 -6232808
 -6140406
 -5446955
 -4220318
 -2580502
  -688109
  1271622
  3106894
  4638019
  5715151
  6232884
  6140454
  5446937
  4220279
  2580500
   688112
 -1271618
 -3106907
 -4638061
 -5715152
 -6232816
 -6140398
 -5446971
 -4220290
 -2580488
  -688135
  1271574
  3106849
  4638027
  5715172
  6232852
  6140409
  5446925
  4220274
  2580493
   688109
 -1271618
 -3106886
 -4638019
 -5715128
 -6232837
 -6140438
 -5446965
 -4220271
 -2580447
  -688072
  1271634
  3106878
  4638046
  5715163
  6232807
  6140405
  5446954
  4220317
  2580502
   688108
 -1271623
 -3106895
 -4638020
 -5715152
 -6232885
 -6140455
 -5446938
 -4220280
 -2580501
  -688113
  1271617
  3106906
  4638060
  5715151
  6232815
  6140397
  5446970
  4220289
  2580487
   688134
 -1271575
 -3106850
 -4638028
 -5715173
 -6232853
 -6140410
 -5446926
 -4220275
 -2580494
  -688110
  1271617
  3106885
  4638018
  5715127
  6232836
  6140437
  5446964
  4220270
  2580446
   688071
 -1271635
 -3106879
 -4638047
 -5715164
 -6232808
 -6140406
 -5446955
 -4220318
 -2580502
  -688109
  1271622
  3106894
  4638019
  5715151
  6232884
  6140454
  5446937
  4220279
  2580500
   688112
 -1271618
 -3106907
 -4638061
 -5715152
 -6232816
 -6140398
 -5446971
 -4220290
 -2580488
  -688135
  1271574
  3106849
  4638027
  5715172
  6232852
  6140409
  5446925
  4220274
  2580493
   688109
 -1271618
 -3106886
 -4638019
 -5715128
 -6232837
 -6140438
 -5446965
 -4220271
 -2580447
  -688072
  1271634
  3106878
  4638046
  5715163
  6232807
  6140405
  5446954
  4220317
  2580502
   688108
 -1271623
 -3106895
 -4638020
 -5715152
 -6232885
 -6140455
 -5446938
 -4220280
 -2580501
  -688113
  1271617
  3106906
  4638060
  5715151
  6232815
  6140397
  5446970
  4220289
  2580487
   688134
 -1271575
 -3106850
 -4638028
 -5715173
 -6232853
 -6140410
 -5446926
 -4220275
 -2580494
  -688110
  1271617
  3106885
  4638018
  5715127
  6232836
  6140437
  5446964
  4220270
  2580446
   688071
 -1271635
 -3106879
 -4638047
 -5715164
 -6232808
 -6140406
 -5446955
 -4220318
 -2580502
  -688109
  1271622
  3106894
  4638019
  5715151
  6232884
  6140454
  5446937
  4220279
  2580500
   688112
 -1271618
 -3106907
 -4638061
 -5715152
 -6232816
 -6140398
 -5446971
 -4220290
 -2580488
  -688135
  1271574
  3106849
  4638027
  5715172
  6232852
  6140409
  5446925
  4220274
  2580493
   688109
 -1271618
 -3106886
 -4638019
 -5715128
 -6232837
 -6140438
 -5446965
 -4220271
 -2580447
  -688072
  1271634
  3106878
  4638046
  5715163
  6232807
  6140405
  5446954
  4220317
  2580502
   688108
 -1271623
 -3106895
 -4638020
 -5715152
 -6232885
 -6140455
 -5446938
 -4220280
 -2580501
  -688113
  1271617
  3106906
  4638060
  5715151
  6232815
  6140397
  5446970
  4220289
  2580487
   688134
 -1271575
 -3106850
 -4638028
 -5715173
 -6232853
 -6140410
 -5446926
 -4220275
 -2580494
  -688110
  1271617
  3106885
  4638018
  5715127
  6232836
  6140437
  5446964
  4220270
  2580446
   688071
 -1271635
 -3106879
 -4638047
 -5715164
 -6232808
 -6140406
 -5446955
 -4220318
 -2580502
  -688109
  1271622
  3106894
  4638019
  5715151
  6232884
  6140454
  5446937
  4220279
  2580500
   688112
 -1271618
 -3106907
 -4638061
 -5715152
 -6232816
 -6140398
 -5446971
 -4220290
 -2580488
  -688135
  1271574
  3106849
  4638027
  5715172
  6232852
  6140409
  5446925
  4220274
  2580493
   688109
 -1271618
 -3106886
 -4638019
 -5715128
 -6232837
 -6140438
 -5446965
 -4220271
 -2580447
  -688072
  1271634
  3106878
  4638046
  5715163
  6232807
  6140405
  5446954
  4220317
  2580502
   688108
 -1271623
 -3106895
 -4638020
 -5715152
 -6232885
 -6140455
 -5446938
 -4220280
 -2580501
  -688113
  1271617
  3106906
  4638060
  5715151
  6232815
  6140397
  5446970
  4220289
  2580487
   688134
 -1271575
 -3106850
 -4638028
 -5715173
 -6232853
 -6140410
 -5446926
 -4220275
 -2580494
  -688110
  1271617
  3106885
  4638018
  5715127
  6232836
  6140437
  5446964
  4220270
  2580446
   688071
 -1271635
 -3106879
 -4638047
 -5715164
 -6232808
 -6140406
 -5446955
 -4220318
 -2580502
  -688109
  1271622
  3106894
  4638019
  5715151
  6232884
  6140454
  5446937
  4220279
  2580500
   688112
 -1271618
 -3106907
 -4638061
 -5715152
 -6232816
 -6140398
 -5446971
 -4220290
 -2580488
  -688135
  1271574
  3106849
  4638027
  5715172
  6232852
  6140409
  5446925
  4220274
  2580493
   688109
 -1271618
 -3106886
 -4638019
 -5715128
 -6232837
 -6140438
 -5446965
 -4220271
 -2580447
  -688072
  1271634
  3106878
  4638046
  5715163
  6232807
  6140405
  5446954
  4220317
  2580502
   688108
 -1271623
 -3106895
 -4638020
 -5715152
 -6232885
 -6140455
 -5446938
 -4220280
 -2580501
  -688113
  1271617
  3106906
  4638060
  5715151
  6232815
  6140397
  5446970
  4220289
  2580487
   688134
 -1271575
 -3106850
 -4638028
 -5715173
 -6232853
 -6140410
 -5446926
 -4220275
 -2580494
  -688110
  1271617
  3106885
  4638018
  5715127
  6232836
  6140437
  5446964
  4220270
  2580446
   688071
 -1271635
 -3106879
 -4638047
 -5715164
 -6232808
 -6140406
 -5446955
 -4220318
 -2580502
  -688109
  1271622
  3106894
  4638019
  5715151
  6232884
  6140454
  5446937
  4220279
  2580500
   688112
 -1271618
 -3106907
 -4638061
 -5715152
 -6232816
 -6140398
 -5446971
 -4220290
 -2580488
  -688135
  1271574
  3106849
  4638027
  5715172
  6232852
  6140409
  5446925
  4220274
  2580493
   688109
 -1271618
 -3106886
 -4638019
 -5715128
 -6232837
 -6140438
 -5446965
 -4220271
 -2580447
  -688072
  1271634
  3106878
  4638046
  5715163
  6232807
  6140405
  5446954
  4220317
  2580502
   688108
 -1271623
 -3106895
 -4638020
 -5715152
 -6232885
 -6140455
 -5446938
 -4220280
 -2580501
  -688113
  1271617
  3106906
  4638060
  5715151
  6232815
  6140397
  5446970
  4220289
  2580487
   688134
 -1271575
 -3106850
 -4638028
 -5715173
 -6232853
 -6140410
 -5446926
 -4220275
 -2580494
  -688110
  1271617
  3106885
  4638018
  5715127
  6232836
  6140437
  5446964
  4220270
  2580446
   688071
 -1271635
 -3106879
 -4638047
 -5715164
 -6232808
 -6140406
 -5446955
 -4220318
 -2580502
  -688109
  1271622
  3106894
  4638019
  5715151
  6232884
  6140454
  5446937
  4220279
  2580500
   688112
 -1271618
 -3106907
 -4638061
 -5715152
 -6232816
 -6140398
 -5446971
 -4220290
 -2580488
  -688135
  1271574
  3106849
  4638027
  5715172
  6232852
  6140409
  5446925
  4220274
  2580493
   688109
 -1271618
 -3106886
 -4638019
 -5715128
 -6232837
 -6140438
 -5446965
 -4220271
 -2580447
  -688072
  1271634
  3106878
  4638046
  5715163
  6232807
  6140405
  5446954
  4220317
  2580502
   688108
 -1271623
 -3106895
 -4638020
 -5715152
 -6232885
 -6140455
 -5446938
 -4220280
 -2580501
  -688113
  1271617
  3106906
  4638060
  5715151
  6232815
  6140397
  5446970
  4220289
  2580487
   688134
 -1271575
 -3106850
 -4638028
 -5715173
 -6232853
 -6140410
 -5446926
 -4220275
 -2580494
  -688110
  1271617
  3106885
  4638018
  5715127
  6232836
  6140437
  5446964
  4220270
  2580446
   688071
 -1271635
 -3106879
 -4638047
 -5715164
 -6232808
 -6140406
 -5446955
 -4220318
 -2580502
  -688109
  1271622
  3106894
  4638019
  5715151
  6232884
  6140454
  5446937
  4220279
  2580500
   688112
 -1271618
 -3106907
 -4638061
 -5715152
 -6232816
 -6140398
 -5446971
 -4220290
 -2580488
  -688135
  1271574
  3106849
  4638027
  5715172
  6232852
  6140409
  5446925
  4220274
  2580493
   688109
 -1271618
 -3106886
 -4638019
 -5715128
 -6232837
 -6140438
 -5446965
 -4220271
 -2580447
  -688072
  1271634
  3106878
  4638046
  5715163
  6232807
  6140405
  5446954
  4220317
  2580502
   688108
 -1271623
 -3106895
 -4638020
 -5715152
 -6232885
 -6140455
 -5446938
 -4220280
 -2580501
  -688113
  1271617
  3106906
  4638060
  5715151
  6232815
  6140397
  5446970
  4220289
  2580487
   688134
 -1271575
 -3106850
 -4638028
 -5715173
 -6232853
 -6140410
 -5446926
 -4220275
 -2580494
  -688110
  1271617
  3106885
  4638018
  5715127
  6232836
  6140437
  5446964
  4220270
  2580446
   688071
 -1271635
 -3106879
 -4638047
 -5715164
 -6232808
 -6140406
 -5446955
 -4220318
 -2580502
  -688109
  1271622
  3106894
  4638019
  5715151
  6232884
  6140454
  5446937
  4220279
  2580500
   688112
 -1271618
 -3106907
 -4638061
 -5715152
 -6232816
 -6140398
 -5446971
 -4220290
 -2580488
  -688135
  1271574
  3106849
  4638027
  5715172
  6232852
  6140409
  5446925
  4220274
  2580493
   688109
 -1271618
 -3106886
 -4638019
 -5715128
 -6232837
 -6140438
 -5446965
 -4220271
 -2580447
  -688072
  1271634
  3106878
  4638046
  5715163
  6232807
  6140405
  5446954
  4220317
  2580502
   688108
 -1271623
 -3106895
 -4638020
 -5715152
 -6232885
 -6140455
 -5446938
 -4220280
 -2580501
  -688113
  1271617
  3106906
  4638060
  5715151
  6232815
  6140397
  5446970
  4220289
  2580487
   688134
 -1271575
 -3106850
 -4638028
 -5715173
 -6232853
 -6140410
 -5446926
 -4220275
 -2580494
  -688110
  1271617
  3106885
  4638018
  5715127
  6232836
  6140437
  5446964
  4220270
  2580446
   688071
 -1271635
 -3106879
 -4638047
 -5715164
 -6232808
 -6140406
 -5446955
 -4220318
 -2580502
  -688109
  1271622
  3106894
  4638019
  5715151
  6232884
  6140454
  5446937
  4220279
  2580500
   688112
 -1271618
 -3106907
 -4638061
 -5715152
 -6232816
 -6140398
 -5446971
 -4220290
 -2580488
  -688135
  1271574
  3106849
  4638027
  5715172
  6232852
  6140409
  5446925
  4220274
  2580493
   688109
 -1271618
 -3106886
 -4638019
 -5715128
 -6232837
 -6140438
 -5446965
 -4220271
 -2580447
  -688072
  1271634
  3106878
  4638046
  5715163
  6232807
  6140405
  5446954
  4220317
  2580502
   688108
 -1271623
 -3106895
 -4638020
 -5715152
 -6232885
 -6140455
 -5446938
 -4220280
 -2580501
  -688113
  1271617
  3106906
  4638060
  5715151
  6232815
  6140397
  5446970
  4220289
  2580487
   688134
 -1271575
 -3106850
 -4638028
 -5715173
 -6232853
 -6140410
 -5446926
 -4220275
 -2580494
  -688110
  1271617
  3106885
  4638018
  5715127
  6232836
  6140437
  5446964
  4220270
  2580446
   688071
 -1271635
 -3106879
 -4638047
 -5715164
 -6232808
 -6140406
 -5446955
 -4220318
 -2580502
  -688109
  1271622
  3106894
  4638019
  5715151
  6232884
  6140454
  5446937
  4220279
  2580500
   688112
 -1271618
 -3106907
 -4638061
 -5715152
 -6232816
 -6140398
 -5446971
 -4220290
 -2580488
  -688135
  1271574
  3106849
  4638027
  5715172
  6232852
  6140409
  5446925
  4220274
  2580493
   688109
 -1271618
 -3106886
 -4638019
 -5715128
 -6232837
 -6140438
 -5446965
 -4220271
 -2580447
  -688072
  1271634
  3106878
  4638046
  5715163
  6232807
  6140405
  5446954
  4220317
  2580502
   688108
 -1271623
 -3106895
 -4638020
 -5715152
 -6232885
 -6140455
 -5446938
 -4220280
 -2580501
  -688113
  1271617
  3106906
  4638060
  5715151
  6232815
  6140397
  5446970
  4220289
  2580487
   688134
 -1271575
 -3106850
 -4638028
 -5715173
 -6232853
 -6140410
 -5446926
 -4220275
 -2580494
  -688110
  1271617
  3106885
  4638018
  5715127
  6232836
  6140437
  5446964
  4220270
  2580446
   688071
 -1271635
 -3106879
 -4638047
 -5715164
 -6232808
 -6140406
 -5446955
 -4220318
 -2580502
  -688109
  1271622
  3106894
  4638019
  5715151
  6232884
  6140454
  5446937
  4220279
  2580500
   688112
 -1271618
 -3106907
 -4638061
 -5715152
 -6232816
 -6140398
 -5446971
 -4220290
 -2580488
  -688135
  1271574
  3106849
  4638027
  5715172
  6232852
  6140409
  5446925
  4220274
  2580493
   688109
 -1271618
 -3106886
 -4638019
 -5715128
 -6232837
 -6140438
 -5446965
 -4220271
 -2580447
  -688072
  1271634
  3106878
  4638046
  5715163
  6232807
  6140405
  5446954
  4220317
  2580502
   688108
 -1271623
 -3106895
 -4638020
 -5715152
 -6232885
 -6140455
 -5446938
 -4220280
 -2580501
  -688113
  1271617
  3106906
  4638060
  5715151
  6232815
  6140397
  5446970
  4220289
  2580487
   688134
 -1271575
 -3106850
 -4638028
 -5715173
 -6232853
 -6140410
 -5446926
 -4220275
 -2580494
  -688110
  1271617
  3106885
  4638018
  5715127
  6232836
  6140437
  5446964
  4220270
  2580446
   688071
 -1271635
 -3106879
 -4638047
 -5715164
 -6232808
 -6140406
 -5446955
 -4220318
 -2580502
  -688109
  1271622
  3106894
  4638019
  5715151
  6232884
  6140454
  5446937
  4220279
  2580500
   688112
 -1271618
 -3106907
 -4638061
 -5715152
 -6232816
 -6140398
 -5446971
 -4220290
 -2580488
  -688135
  1271574
  3106849
  4638027
  5715172
  6232852
  6140409
  5446925
  4220274
  2580493
   688109
 -1271618
 -3106886
 -4638019
 -5715128
 -6232837
 -6140438
 -5446965
 -4220271
 -2580447
  -688072
  1271634
  3106878
  4638046
  5715163
  6232807
  6140405
  5446954
  4220317
  2580502
   688108
 -1271623
 -3106895
 -4638020
 -5715152
 -6232885
 -6140455
 -5446938
 -4220280
 -2580501
  -688113
  1271617
  3106906
  4638060
  5715151
  6232815
  6140397
  5446970
  4220289
  2580487
   688134
 -1271575
 -3106850
 -4638028
 -5715173
 -6232853
 -6140410
 -5446926
 -4220275
 -2580494
  -688110
  1271617
  3106885
  4638018
  5715127
  6232836
  6140437
  5446964
  4220270
  2580446
   688071
 -1271635
 -3106879
 -4638047
 -5715164
 -6232808
 -6140406
 -5446955
 -4220318
 -2580502
  -688109
  1271622
  3106894
  4638019
  5715151
  6232884
  6140454
  5446937
  4220279
  2580500
   688112
 -1271618
 -3106907
 -4638061
 -5715152
 -6232816
 -6140398
 -5446971
 -4220290
 -2580488
  -688135
  1271574
  3106849
  4638027
  5715172
  6232852
  6140409
  5446925
  4220274
  2580493
   688109
 -1271618
 -3106886
 -4638019
 -5715128
 -6232837
 -6140438
 -5446965
 -4220271
 -2580447
  -688072
  1271634
  3106878
  4638046
  5715163
  6232807
  6140405
  5446954
  4220317
  2580502
   688108
 -1271623
 -3106895
 -4638020
 -5715152
 -6232885
 -6140455
 -5446938
 -4220280
 -2580501
  -688113
  1271617
  3106906
  4638060
  5715151
  6232815
  6140397
  5446970
  4220289
  2580487
   688134
 -1271575
 -3106850
 -4638028
 -5715173
 -6232853
 -6140410
 -5446926
 -4220275
 -2580494
  -688110
  1271617
  3106885
  4638018
  5715127
  6232836
  6140437
  5446964
  4220270
  2580446
   688071
 -1271635
 -3106879
 -4638047
 -5715164
 -6232808
 -6140406
 -5446955
 -4220318
 -2580502
  -688109
  1271622
  3106894
  4638019
  5715151
  6232884
  6140454
  5446937
  4220279
  2580500
   688112
 -1271618
 -3106907
 -4638061
 -5715152
 -6232816
 -6140398
 -5446971
 -4220290
 -2580488
  -688135
  1271574
  3106849
  4638027
  5715172
  6232852
  6140409
  5446925
  4220274
  2580493
   688109
 -1271618
 -3106886
 -4638019
 -5715128
 -6232837
 -6140438
 -5446965
 -4220271
 -2580447
  -688072
  1271634
  3106878
  4638046
  5715163
  6232807
  6140405
  5446954
  4220317
  2580502
   688108
 -1271623
 -3106895
 -4638020
 -5715152
 -6232885
 -6140455
 -5446938
 -4220280
 -2580501
  -688113
  1271617
  3106906
  4638060
  5715151
  6232815
  6140397
  5446970
  4220289
  2580487
   688134
 -1271575
 -3106850
 -4638028
 -5715173
 -6232853
 -6140410
 -5446926
 -4220275
 -2580494
  -688110
  1271617
  3106885
  4638018
  5715127
  6232836
  6140437
  5446964
  4220270
  2580446
   688071
 -1271635
 -3106879
 -4638047
 -5715164
 -6232808
 -6140406
 -5446955
 -4220318
 -2580502
  -688109
  1271622
  3106894
  4638019
  5715151
  6232884
  6140454
  5446937
  4220279
  2580500
   688112
 -1271618
 -3106907
 -4638061
 -5715152
 -6232816
 -6140398
 -5446971
 -4220290
 -2580488
  -688135
  1271574
  3106849
  4638027
  5715172
  6232852
  6140409
  5446925
  4220274
  2580493
   688109
 -1271618
 -3106886
 -4638019
 -5715128
 -6232837
 -6140438
 -5446965
 -4220271
 -2580447
  -688072
  1271634
  3106878
  4638046
  5715163
  6232807
  6140405
  5446954
  4220317
  2580502
   688108
 -1271623
 -3106895
 -4638020
 -5715152
 -6232885
 -6140455
 -5446938
 -4220280
 -2580501
  -688113
  1271617
  3106906
  4638060
  5715151
  6232815
  6140397
  5446970
  4220289
  2580487
   688134
 -1271575
 -3106850
 -4638028
 -5715173
 -6232853
 -6140410
 -5446926
 -4220275
 -2580494
  -688110
  1271617
  3106885
  4638018
  5715127
  6232836
  6140437
  5446964
  4220270
  2580446
   688071
 -1271635
 -3106879
 -4638047
 -5715164
 -6232808
 -6140406
 -5446955
 -4220318
 -2580502
  -688109
  1271622
  3106894
  4638019
  5715151
  6232884
  6140454
  5446937
  4220279
  2580500
   688112
 -1271618
 -3106907
 -4638061
 -5715152
 -6232816
 -6140398
 -5446971
 -4220290
 -2580488
  -688135
  1271574
  3106849
  4638027
  5715172
  6232852
  6140409
  5446925
  4220274
  2580493
   688109
 -1271618
 -3106886
 -4638019
 -5715128
 -6232837
 -6140438
 -5446965
 -4220271
 -2580447
  -688072
  1271634
  3106878
  4638046
  5715163
  6232807
  6140405
  5446954
  4220317
  2580502
   688108
 -1271623
 -3106895
 -4638020
 -5715152
 -6232885
 -6140455
 -5446938
 -4220280
 -2580501
  -688113
  1271617
  3106906
  4638060
  5715151
  6232815
  6140397
  5446970
  4220289
  2580487
   688134
 -1271575
 -3106850
 -4638028
 -5715173
 -6232853
 -6140410
 -5446926
 -4220275
 -2580494
  -688110
  1271617
  3106885
  4638018
  5715127
  6232836
  6140437
  5446964
  4220270
  2580446
   688071
 -1271635
 -3106879
 -4638047
 -5715164
 -6232808
 -6140406
 -5446955
 -4220318
 -2580502
  -688109
  1271622
  3106894
  4638019
  5715151
  6232884
  6140454
  5446937
  4220279
  2580500
   688112
 -1271618
 -3106907
 -4638061
 -5715152
 -6232816
 -6140398
 -5446971
 -4220290
 -2580488
  -688135
  1271574
  3106849
  4638027
  5715172
  6232852
  6140409
  5446925
  4220274
  2580493
   688109
 -1271618
 -3106886
 -4638019
 -5715128
 -6232837
 -6140438
 -5446965
 -4220271
 -2580447
  -688072
  1271634
  3106878
  4638046
  5715163
  6232807
  6140405
  5446954
  4220317
  2580502
   688108
 -1271623
 -3106895
 -4638020
 -5715152
 -6232885
 -6140455
 -5446938
 -4220280
 -2580501
  -688113
  1271617
  3106906
  4638060
  5715151
  6232815
  6140397
  5446970
  4220289
  2580487
   688134
 -1271575
 -3106850
 -4638028
 -5715173
 -6232853
 -6140410
 -5446926
 -4220275
 -2580494
  -688110
  1271617
  3106885
  4638018
  5715127
  6232836
  6140437
  5446964
  4220270
  2580446
   688071
 -1271635
 -3106879
 -4638047
 -5715164
 -6232808
 -6140406
 -5446955
 -4220318
 -2580502
  -688109
  1271622
  3106894
  4638019
  5715151
  6232884
  6140454
  5446937
  4220279
  2580500
   688112
 -1271618
 -3106907
 -4638061
 -5715152
 -6232816
 -6140398
 -5446971
 -4220290
 -2580488
  -688135
  1271574
  3106849
  4638027
  5715172
  6232852
  6140409
  5446925
  4220274
  2580493
   688109
 -1271618
 -3106886
 -4638019
 -5715128
 -6232837
 -6140438
 -5446965
 -4220271
 -2580447
  -688072
  1271634
  3106878
  4638046
  5715163
  6232807
  6140405
  5446954
  4220317
  2580502
   688108
 -1271623
 -3106895
 -4638020
 -5715152
 -6232885
 -6140455
 -5446938
 -4220280
 -2580501
  -688113
  1271617
  3106906
  4638060
  5715151
  6232815
  6140397
  5446970
  4220289
  2580487
   688134
 -1271575
 -3106850
 -4638028
 -5715173
 -6232853
 -6140410
 -5446926
 -4220275
 -2580494
  -688110
  1271617
  3106885
  4638018
  5715127
  6232836
  6140437
  5446964
  4220270
  2580446
   688071
 -1271635
 -3106879
 -4638047
 -5715164
 -6232808
 -6140406
 -5446955
 -4220318
 -2580502
  -688109
  1271622
  3106894
  4638019
  5715151
  6232884
  6140454
  5446937
  4220279
  2580500
   688112
 -1271618
 -3106907
 -4638061
 -5715152
 -6232816
 -6140398
 -5446971
 -4220290
 -2580488
  -688135
  1271574
  3106849
  4638027
  5715172
  6232852
  6140409
  5446925
  4220274
  2580493
   688109
 -1271618
 -3106886
 -4638019
 -5715128
 -6232837
 -6140438
 -5446965
 -4220271
 -2580447
  -688072
  1271634
  3106878
  4638046
  5715163
  6232807
  6140405
  5446954
  4220317
  2580502
   688108
 -1271623
 -3106895
 -4638020
 -5715152
 -6232885
 -6140455
 -5446938
 -4220280
 -2580501
  -688113
  1271617
  3106906
  4638060
  5715151
  6232815
  6140397
  5446970
  4220289
  2580487
   688134
 -1271575
 -3106850
 -4638028
 -5715173
 -6232853
 -6140410
 -5446926
 -4220275
 -2580494
  -688110
  1271617
  3106885
  4638018
  5715127
  6232836
  6140437
  5446964
  4220270
  2580446
   688071
 -1271635
 -3106879
 -4638047
 -5715164
 -6232808
 -6140406
 -5446955
 -4220318
 -2580502
  -688109
  1271622
  3106894
  4638019
  5715151
  6232884
  6140454
  5446937
  4220279
  2580500
   688112
 -1271618
 -3106907
 -4638061
 -5715152
 -6232816
 -6140398
 -5446971
 -4220290
 -2580488
  -688135
  1271574
  3106849
  4638027
  5715172
  6232852
  6140409
  5446925
  4220274
  2580493
   688109
 -1271618
 -3106886
 -4638019
 -5715128
 -6232837
 -6140438
 -5446965
 -4220271
 -2580447
  -688072
  1271634
  3106878
  4638046
  5715163
  6232807
  6140405
  5446954
  4220317
  2580502
   688108
 -1271623
 -3106895
 -4638020
 -5715152
 -6232885
 -6140455
 -5446938
 -4220280
 -2580501
  -688113
  1271617
  3106906
  4638060
  5715151
  6232815
  6140397
  5446970
  4220289
  2580487
   688134
 -1271575
 -3106850
 -4638028
 -5715173
 -6232853
 -6140410
 -5446926
 -4220275
 -2580494
  -688110
  1271617
  3106885
  4638018
  5715127
  6232836
  6140437
  5446964
  4220270
  2580446
   688071
 -1271635
 -3106879
 -4638047
 -5715164
 -6232808
 -6140406
 -5446955
 -4220318
 -2580502
  -688109
  1271622
  3106894
  4638019
  5715151
  6232884
  6140454
  5446937
  4220279
  2580500
   688112
 -1271618
 -3106907
 -4638061
 -5715152
 -6232816
 -6140398
 -5446971
 -4220290
 -2580488
  -688135
  1271574
  3106849
  4638027
  5715172
  6232852
  6140409
  5446925
  4220274
  2580493
   688109
 -1271618
 -3106886
 -4638019
 -5715128
 -6232837
 -6140438
 -5446965
 -4220271
 -2580447
  -688072
  1271634
  3106878
  4638046
  5715163
  6232807
  6140405
  5446954
  4220317
  2580502
   688108
 -1271623
 -3106895
 -4638020
 -5715152
 -6232885
 -6140455
 -5446938
 -4220280
 -2580501
  -688113
  1271617
  3106906
  4638060
  5715151
  6232815
  6140397
  5446970
  4220289
  2580487
   688134
 -1271575
 -3106850
 -4638028
 -5715173
 -6232853
 -6140410
 -5446926
 -4220275
 -2580494
  -688110
  1271617
  3106885
  4638018
  5715127
  6232836
  6140437
  5446964
  4220270
  2580446
   688071
 -1271635
 -3106879
 -4638047
 -5715164
 -6232808
 -6140406
 -5446955
 -4220318
 -2580502
  -688109
  1271622
  3106894
  4638019
  5715151
  6232884
  6140454
  5446937
  4220279
  2580500
   688112
 -1271618
 -3106907
 -4638061
 -5715152
 -6232816
 -6140398
 -5446971
 -4220290
 -2580488
  -688135
  1271574
  3106849
  4638027
  5715172
  6232852
  6140409
  5446925
  4220274
  2580493
   688109
 -1271618
 -3106886
 -4638019
 -5715128
 -6232837
 -6140438
 -5446965
 -4220271
 -2580447
  -688072
  1271634
  3106878
  4638046
  5715163
  6232807
  6140405
  5446954
  4220317
  2580502
   688108
 -1271623
 -3106895
 -4638020
 -5715152
 -6232885
 -6140455
 -5446938
 -4220280
 -2580501
  -688113
  1271617
  3106906
  4638060
  5715151
  6232815
  6140397
  5446970
  4220289
  2580487
   688134
 -1271575
 -3106850
 -4638028
 -5715173
 -6232853
 -6140410
 -5446926
 -4220275
 -2580494
  -688110
  1271617
  3106885
  4638018
  5715127
  6232836
  6140437
  5446964
  4220270
  2580446
   688071
 -1271635
 -3106879
 -4638047
 -5715164
 -6232808
 -6140406
 -5446955
 -4220318
 -2580502
  -688109
  1271622
  3106894
  4638019
  5715151
  6232884
  6140454
  5446937
  4220279
  2580500
   688112
 -1271618
 -3106907
 -4638061
 -5715152
 -6232816
 -6140398
 -5446971
 -4220290
 -2580488
  -688135
  1271574
  3106849
  4638027
  5715172
  6232852
  6140409
  5446925
  4220274
  2580493
   688109
 -1271618
 -3106886
 -4638019
 -5715128
 -6232837
 -6140438
 -5446965
 -4220271
 -2580447
  -688072
  1271634
  3106878
  4638046
  5715163
  6232807
  6140405
  5446954
  4220317
  2580502
   688108
 -1271623
 -3106895
 -4638020
 -5715152
 -6232885
 -6140455
 -5446938
 -4220280
 -2580501
  -688113
  1271617
  3106906
  4638060
  5715151
  6232815
  6140397
  5446970
  4220289
  2580487
   688134
 -1271575
 -3106850
 -4638028
 -5715173
 -6232853
 -6140410
 -5446926
 -4220275
 -2580494
  -688110
  1271617
  3106885
  4638018
  5715127
  6232836
  6140437
  5446964
  4220270
  2580446
   688071
 -1271635
 -3106879
 -4638047
 -5715164
 -6232808
 -6140406
 -5446955
 -4220318
 -2580502
  -688109
  1271622
  3106894
  4638019
  5715151
  6232884
  6140454
  5446937
  4220279
  2580500
   688112
 -1271618
 -3106907
 -4638061
 -5715152
 -6232816
 -6140398
 -5446971
 -4220290
 -2580488
  -688135
  1271574
  3106849
  4638027
  5715172
  6232852
  6140409
  5446925
  4220274
  2580493
   688109
 -1271618
 -3106886
 -4638019
 -5715128
 -6232837
 -6140438
 -5446965
 -4220271
 -2580447
  -688072
  1271634
  3106878
  4638046
  5715163
  6232807
  6140405
  5446954
  4220317
  2580502
   688108
 -1271623
 -3106895
 -4638020
 -5715152
 -6232885
 -6140455
 -5446938
 -4220280
 -2580501
  -688113
  1271617
  3106906
  4638060
  5715151
  6232815
  6140397
  5446970
  4220289
  2580487
   688134
 -1271575
 -3106850
 -4638028
 -5715173
 -6232853
 -6140410
 -5446926
 -4220275
 -2580494
  -688110
  1271617
  3106885
  4638018
  5715127
  6232836
  6140437
  5446964
  4220270
  2580446
   688071
 -1271635
 -3106879
 -4638047
 -5715164
 -6232808
 -6140406
 -5446955
 -4220318
 -2580502
  -688109
  1271622
  3106894
  4638019
  5715151
  6232884
  6140454
  5446937
  4220279
  2580500
   688112
 -1271618
 -3106907
 -4638061
 -5715152
 -6232816
 -6140398
 -5446971
 -4220290
 -2580488
  -688135
  1271574
  3106849
  4638027
  5715172
  6232852
  6140409
  5446925
  4220274
  2580493
   688109
 -1271618
 -3106886
 -4638019
 -5715128
 -6232837
 -6140438
 -5446965
 -4220271
 -2580447
  -688072
  1271634
  3106878
  4638046
  5715163
  6232807
  6140405
  5446954
  4220317
  2580502
   688108
 -1271623
 -3106895
 -4638020
 -5715152
 -6232885
 -6140455
 -5446938
 -4220280
 -2580501
  -688113
  1271617
  3106906
  4638060
  5715151
  6232815
  6140397
  5446970
  4220289
  2580487
   688134
 -1271575
 -3106850
 -4638028
 -5715173
 -6232853
 -6140410
 -5446926
 -4220275
 -2580494
  -688110
  1271617
  3106885
  4638018
  5715127
  6232836
  6140437
  5446964
  4220270
  2580446
   688071
 -1271635
 -3106879
 -4638047
 -5715164
 -6232808
 -6140406
 -5446955
 -4220318
 -2580502
  -688109
  1271622
  3106894
  4638019
  5715151
  6232884
  6140454
  5446937
  4220279
  2580500
   688112
 -1271618
 -3106907
 -4638061
 -5715152
 -6232816
 -6140398
 -5446971
 -4220290
 -2580488
  -688135
  1271574
  3106849
  4638027
  5715172
  6232852
  6140409
  5446925
  4220274
  2580493
   688109
 -1271618
 -3106886
 -4638019
 -5715128
 -6232837
 -6140438
 -5446965
 -4220271
 -2580447
  -688072
  1271634
  3106878
  4638046
  5715163
  6232807
  6140405
  5446954
  4220317
  2580502
   688108
 -1271623
 -3106895
 -4638020
 -5715152
 -6232885
 -6140455
 -5446938
 -4220280
 -2580501
  -688113
  1271617
  3106906
  4638060
  5715151
  6232815
  6140397
  5446970
  4220289
  2580487
   688134
 -1271575
 -3106850
 -4638028
 -5715173
 -6232853
 -6140410
 -5446926
 -4220275
 -2580494
  -688110
  1271617
  3106885
  4638018
  5715127
  6232836
  6140437
  5446964
  4220270
  2580446
   688071
 -1271635
 -3106879
 -4638047
 -5715164
 -6232808
 -6140406
 -5446955
 -4220318
 -2580502
  -688109
  1271622
  3106894
  4638019
  5715151
  6232884
  6140454
  5446937
  4220279
  2580500
   688112
 -1271618
 -3106907
 -4638061
 -5715152
 -6232816
 -6140398
 -5446971
 -4220290
 -2580488
  -688135
  1271574
  3106849
  4638027
  5715172
  6232852
  6140409
  5446925
  4220274
  2580493
   688109
 -1271618
 -3106886
 -4638019
 -5715128
 -6232837
 -6140438
 -5446965
 -4220271
 -2580447
  -688072
  1271634
  3106878
  4638046
  5715163
  6232807
  6140405
  5446954
  4220317
  2580502
   688108
 -1271623
 -3106895
 -4638020
 -5715152
 -6232885
 -6140455
 -5446938
 -4220280
 -2580501
  -688113
  1271617
  3106906
  4638060
  5715151
  6232815
  6140397
  5446970
  4220289
  2580487
   688134
 -1271575
 -3106850
 -4638028
 -5715173
 -6232853
 -6140410
 -5446926
 -4220275
 -2580494
  -688110
  1271617
  3106885
  4638018
  5715127
  6232836
  6140437
  5446964
  4220270
  2580446
   688071
 -1271635
 -3106879
 -4638047
 -5715164
 -6232808
 -6140406
 -5446955
 -4220318
 -2580502
  -688109
  1271622
  3106894
  4638019
  5715151
  6232884
  6140454
  5446937
  4220279
  2580500
   688112
 -1271618
 -3106907
 -4638061
 -5715152
 -6232816
 -6140398
 -5446971
 -4220290
 -2580488
  -688135
  1271574
  3106849
  4638027
  5715172
  6232852
  6140409
  5446925
  4220274
  2580493
   688109
 -1271618
 -3106886
 -4638019
 -5715128
 -6232837
 -6140438
 -5446965
 -4220271
 -2580447
  -688072
  1271634
  3106878
  4638046
  5715163
  6232807
  6140405
  5446954
  4220317
  2580502
   688108
 -1271623
 -3106895
 -4638020
 -5715152
 -6232885
 -6140455
 -5446938
 -4220280
 -2580501
  -688113
  1271617
  3106906
  4638060
  5715151
  6232815
  6140397
  5446970
  4220289
  2580487
   688134
 -1271575
 -3106850
 -4638028
 -5715173
 -6232853
 -6140410
 -5446926
 -4220275
 -2580494
  -688110
  1271617
  3106885
  4638018
  5715127
  6232836
  6140437
  5446964
  4220270
  2580446
   688071
 -1271635
 -3106879
 -4638047
 -5715164
 -6232808
 -6140406
 -5446955
 -4220318
 -2580502
  -688109
  1271622
  3106894
  4638019
  5715151
  6232884
  6140454
  5446937
  4220279
  2580500
   688112
 -1271618
 -3106907
 -4638061
 -5715152
 -6232816
 -6140398
 -5446971
 -4220290
 -2580488
  -688135
  1271574
  3106849
  4638027
  5715172
  6232852
  6140409
  5446925
  4220274
  2580493
   688109
 -1271618
 -3106886
 -4638019
 -5715128
 -6232837
 -6140438
 -5446965
 -4220271
 -2580447
  -688072
  1271634
  3106878
  4638046
  5715163
  6232807
  6140405
  5446954
  4220317
  2580502
   688108
 -1271623
 -3106895
 -4638020
 -5715152
 -6232885
 -6140455
 -5446938
 -4220280
 -2580501
  -688113
  1271617
  3106906
  4638060
  5715151
  6232815
  6140397
  5446970
  4220289
  2580487
   688134
 -1271575
 -3106850
 -4638028
 -5715173
 -6232853
 -6140410
 -5446926
 -4220275
 -2580494
  -688110
  1271617
  3106885
  4638018
  5715127
  6232836
  6140437
  5446964
  4220270
  2580446
   688071
 -1271635
 -3106879
 -4638047
 -5715164
 -6232808
 -6140406
 -5446955
 -4220318
 -2580502
  -688109
  1271622
  3106894
  4638019
  5715151
  6232884
  6140454
  5446937
  4220279
  2580500
   688112
 -1271618
 -3106907
 -4638061
 -5715152
 -6232816
 -6140398
 -5446971
 -4220290
 -2580488
  -688135
  1271574
  3106849
  4638027
  5715172
  6232852
  6140409
  5446925
  4220274
  2580493
   688109
 -1271618
 -3106886
 -4638019
 -5715128
 -6232837
 -6140438
 -5446965
 -4220271
 -2580447
  -688072
  1271634
  3106878
  4638046
  5715163
  6232807
  6140405
  5446954
  4220317
  2580502
   688108
 -1271623
 -3106895
 -4638020
 -5715152
 -6232885
 -6140455
 -5446938
 -4220280
 -2580501
  -688113
  1271617
  3106906
  4638060
  5715151
  6232815
  6140397
  5446970
  4220289
  2580487
   688134
 -1271575
 -3106850
 -4638028
 -5715173
 -6232853
 -6140410
 -5446926
 -4220275
 -2580494
  -688110
  1271617
  3106885
  4638018
  5715127
  6232836
  6140437
  5446964
  4220270
  2580446
   688071
 -1271635
 -3106879
 -4638047
 -5715164
 -6232808
 -6140406
 -5446955
 -4220318
 -2580502
  -688109
  1271622
  3106894
  4638019
  5715151
  6232884
  6140454
  5446937
  4220279
  2580500
   688112
 -1271618
 -3106907
 -4638061
 -5715152
 -6232816
 -6140398
 -5446971
 -4220290
 -2580488
  -688135
  1271574
  3106849
  4638027
  5715172
  6232852
  6140409
  5446925
  4220274
  2580493
   688109
 -1271618
 -3106886
 -4638019
 -5715128
 -6232837
 -6140438
 -5446965
 -4220271
 -2580447
  -688072
  1271634
  3106878
  4638046
  5715163
  6232807
  6140405
  5446954
  4220317
  2580502
   688108
 -1271623
 -3106895
 -4638020
 -5715152
 -6232885
 -6140455
 -5446938
 -4220280
 -2580501
  -688113
  1271617
  3106906
  4638060
  5715151
  6232815
  6140397
  5446970
  4220289
  2580487
   688134
 -1271575
 -3106850
 -4638028
 -5715173
 -6232853
 -6140410
 -5446926
 -4220275
 -2580494
  -688110
  1271617
  3106885
  4638018
  5715127
  6232836
  6140437
  5446964
  4220270
  2580446
   688071
 -1271635
 -3106879
 -4638047
 -5715164
 -6232808
 -6140406
 -5446955
 -4220318
 -2580502
  -688109
  1271622
  3106894
  4638019
  5715151
  6232884
  6140454
  5446937
  4220279
  2580500
   688112
 -1271618
 -3106907
 -4638061
 -5715152
 -6232816
 -6140398
 -5446971
 -4220290
 -2580488
  -688135
  1271574
  3106849
  4638027
  5715172
  6232852
  6140409
  5446925
  4220274
  2580493
   688109
 -1271618
 -3106886
 -4638019
 -5715128
 -6232837
 -6140438
 -5446965
 -4220271
 -2580447
  -688072
  1271634
  3106878
  4638046
  5715163
  6232807
  6140405
  5446954
  4220317
  2580502
   688108
 -1271623
 -3106895
 -4638020
 -5715152
 -6232885
 -6140455
 -5446938
 -4220280
 -2580501
  -688113
  1271617
  3106906
  4638060
  5715151
  6232815
  6140397
  5446970
  4220289
  2580487
   688134
 -1271575
 -3106850
 -4638028
 -5715173
 -6232853
 -6140410
 -5446926
 -4220275
 -2580494
  -688110
  1271617
  3106885
  4638018
  5715127
  6232836
  6140437
  5446964
  4220270
  2580446
   688071
 -1271635
 -3106879
 -4638047
 -5715164
 -6232808
 -6140406
 -5446955
 -4220318
 -2580502
  -688109
  1271622
  3106894
  4638019
  5715151
  6232884
  6140454
  5446937
  4220279
  2580500
   688112
 -1271618
 -3106907
 -4638061
 -5715152
 -6232816
 -6140398
 -5446971
 -4220290
 -2580488
  -688135
  1271574
  3106849
  4638027
  5715172
  6232852
  6140409
  5446925
  4220274
  2580493
   688109
 -1271618
 -3106886
 -4638019
 -5715128
 -6232837
 -6140438
 -5446965
 -4220271
 -2580447
  -688072
  1271634
  3106878
  4638046
  5715163
  6232807
  6140405
  5446954
  4220317
  2580502
   688108
 -1271623
 -3106895
 -4638020
 -5715152
 -6232885
 -6140455
 -5446938
 -4220280
 -2580501
  -688113
  1271617
  3106906
  4638060
  5715151
  6232815
  6140397
  5446970
  4220289
  2580487
   688134
 -1271575
 -3106850
 -4638028
 -5715173
 -6232853
 -6140410
 -5446926
 -4220275
 -2580494
  -688110
  1271617
  3106885
  4638018
  5715127
  6232836
  6140437
  5446964
  4220270
  2580446
   688071
 -1271635
 -3106879
 -4638047
 -5715164
 -6232808
 -6140406
 -5446955
 -4220318
 -2580502
  -688109
  1271622
  3106894
  4638019
  5715151
  6232884
  6140454
  5446937
  4220279
  2580500
   688112
 -1271618
 -3106907
 -4638061
 -5715152
 -6232816
 -6140398
 -5446971
 -4220290
 -2580488
  -688135
  1271574
  3106849
  4638027
  5715172
  6232852
  6140409
  5446925
  4220274
  2580493
   688109
 -1271618
 -3106886
 -4638019
 -5715128
 -6232837
 -6140438
 -5446965
 -4220271
 -2580447
  -688072
  1271634
  3106878
  4638046
  5715163
  6232807
  6140405
  5446954
  4220317
  2580502
   688108
 -1271623
 -3106895
 -4638020
 -5715152
 -6232885
 -6140455
 -5446938
 -4220280
 -2580501
  -688113
  1271617
  3106906
  4638060
  5715151
  6232815
  6140397
  5446970
  4220289
  2580487
   688134
 -1271575
 -3106850
 -4638028
 -5715173
 -6232853
 -6140410
 -5446926
 -4220275
 -2580494
  -688110
  1271617
  3106885
  4638018
  5715127
  6232836
  6140437
  5446964
  4220270
  2580446
   688071
 -1271635
 -3106879
 -4638047
 -5715164
 -6232808
 -6140406
 -5446955
 -4220318
 -2580502
  -688109
  1271622
  3106894
  4638019
  5715151
  6232884
  6140454
  5446937
  4220279
  2580500
   688112
 -1271618
 -3106907
 -4638061
 -5715152
 -6232816
 -6140398
 -5446971
 -4220290
 -2580488
  -688135
  1271574
  3106849
  4638027
  5715172
  6232852
  6140409
  5446925
  4220274
  2580493
   688109
 -1271618
 -3106886
 -4638019
 -5715128
 -6232837
 -6140438
 -5446965
 -4220271
 -2580447
  -688072
  1271634
  3106878
  4638046
  5715163
  6232807
  6140405
  5446954
  4220317
  2580502
   688108
 -1271623
 -3106895
 -4638020
 -5715152
 -6232885
 -6140455
 -5446938
 -4220280
 -2580501
  -688113
  1271617
  3106906
  4638060
  5715151
  6232815
  6140397
  5446970
  4220289
  2580487
   688134
 -1271575
 -3106850
 -4638028
 -5715173
 -6232853
 -6140410
 -5446926
 -4220275
 -2580494
  -688110
  1271617
  3106885
  4638018
  5715127
  6232836
  6140437
  5446964
  4220270
  2580446
   688071
 -1271635
 -3106879
 -4638047
 -5715164
 -6232808
 -6140406
 -5446955
 -4220318
 -2580502
  -688109
  1271622
  3106894
  4638019
  5715151
  6232884
  6140454
  5446937
  4220279
  2580500
   688112
 -1271618
 -3106907
 -4638061
 -5715152
 -6232816
 -6140398
 -5446971
 -4220290
 -2580488
  -688135
  1271574
  3106849
  4638027
  5715172
  6232852
  6140409
  5446925
  4220274
  2580493
   688109
 -1271618
 -3106886
 -4638019
 -5715128
 -6232837
 -6140438
 -5446965
 -4220271
 -2580447
  -688072
  1271634
  3106878
  4638046
  5715163
  6232807
  6140405
  5446954
  4220317
  2580502
   688108
 -1271623
 -3106895
 -4638020
 -5715152
 -6232885
 -6140455
 -5446938
 -4220280
 -2580501
  -688113
  1271617
  3106906
  4638060
  5715151
  6232815
  6140397
  5446970
  4220289
  2580487
   688134
 -1271575
 -3106850
 -4638028
 -5715173
 -6232853
 -6140410
 -5446926
 -4220275
 -2580494
  -688110
  1271617
  3106885
  4638018
  5715127
  6232836
  6140437
  5446964
  4220270
  2580446
   688071
 -1271635
 -3106879
 -4638047
 -5715164
 -6232808
 -6140406
 -5446955
 -4220318
 -2580502
  -688109
  1271622
  3106894
  4638019
  5715151
  6232884
  6140454
  5446937
  4220279
  2580500
   688112
 -1271618
 -3106907
 -4638061
 -5715152
 -6232816
 -6140398
 -5446971
 -4220290
 -2580488
  -688135
  1271574
  3106849
  4638027
  5715172
  6232852
  6140409
  5446925
  4220274
  2580493
   688109
 -1271618
 -3106886
 -4638019
 -5715128
 -6232837
 -6140438
 -5446965
 -4220271
 -2580447
  -688072
  1271634
  3106878
  4638046
  5715163
  6232807
  6140405
  5446954
  4220317
  2580502
   688108
 -1271623
 -3106895
 -4638020
 -5715152
 -6232885
 -6140455
 -5446938
 -4220280
 -2580501
  -688113
  1271617
  3106906
  4638060
  5715151
  6232815
  6140397
  5446970
  4220289
  2580487
   688134
 -1271575
 -3106850
 -4638028
 -5715173
 -6232853
 -6140410
 -5446926
 -4220275
 -2580494
  -688110
  1271617
  3106885
  4638018
  5715127
  6232836
  6140437
  5446964
  4220270
  2580446
   688071
 -1271635
 -3106879
 -4638047
 -5715164
 -6232808
 -6140406
 -5446955
 -4220318
 -2580502
  -688109
  1271622
  3106894
  4638019
  5715151
  6232884
  6140454
  5446937
  4220279
  2580500
   688112
 -1271618
 -3106907
 -4638061
 -5715152
 -6232816
 -6140398
 -5446971
 -4220290
 -2580488
  -688135
  1271574
  3106849
  4638027
  5715172
  6232852
  6140409
  5446925
  4220274
  2580493
   688109
 -1271618
 -3106886
 -4638019
 -5715128
 -6232837
 -6140438
 -5446965
 -4220271
 -2580447
  -688072
  1271634
  3106878
  4638046
  5715163
  6232807
  6140405
  5446954
  4220317
  2580502
   688108
 -1271623
 -3106895
 -4638020
 -5715152
 -6232885
 -6140455
 -5446938
 -4220280
 -2580501
  -688113
  1271617
  3106906
  4638060
  5715151
  6232815
  6140397
  5446970
  4220289
  2580487
   688134
 -1271575
 -3106850
 -4638028
 -5715173
 -6232853
 -6140410
 -5446926
 -4220275
 -2580494
  -688110
  1271617
  3106885
  4638018
  5715127
  6232836
  6140437
  5446964
  4220270
  2580446
   688071
 -1271635
 -3106879
 -4638047
 -5715164
 -6232808
 -6140406
 -5446955
 -4220318
 -2580502
  -688109
  1271622
  3106894
  4638019
  5715151
  6232884
  6140454
  5446937
  4220279
  2580500
   688112
 -1271618
 -3106907
 -4638061
 -5715152
 -6232816
 -6140398
 -5446971
 -4220290
 -2580488
  -688135
  1271574
  3106849
  4638027
  5715172
  6232852
  6140409
  5446925
  4220274
  2580493
   688109
 -1271618
 -3106886
 -4638019
 -5715128
 -6232837
 -6140438
 -5446965
 -4220271
 -2580447
  -688072
  1271634
  3106878
  4638046
  5715163
  6232807
  6140405
  5446954
  4220317
  2580502
   688108
 -1271623
 -3106895
 -4638020
 -5715152
 -6232885
 -6140455
 -5446938
 -4220280
 -2580501
  -688113
  1271617
  3106906
  4638060
  5715151
  6232815
  6140397
  5446970
  4220289
  2580487
   688134
 -1271575
 -3106850
 -4638028
 -5715173
 -6232853
 -6140410
 -5446926
 -4220275
 -2580494
  -688110
  1271617
  3106885
  4638018
  5715127
  6232836
  6140437
  5446964
  4220270
  2580446
   688071
 -1271635
 -3106879
 -4638047
 -5715164
 -6232808
 -6140406
 -5446955
 -4220318
 -2580502
  -688109
  1271622
  3106894
  4638019
  5715151
  6232884
  6140454
  5446937
  4220279
  2580500
   688112
 -1271618
 -3106907
 -4638061
 -5715152
 -6232816
 -6140398
 -5446971
 -4220290
 -2580488
  -688135
  1271574
  3106849
  4638027
  5715172
  6232852
  6140409
  5446925
  4220274
  2580493
   688109
 -1271618
 -3106886
 -4638019
 -5715128
 -6232837
 -6140438
 -5446965
 -4220271
 -2580447
  -688072
  1271634
  3106878
  4638046
  5715163
  6232807
  6140405
  5446954
  4220317
  2580502
   688108
 -1271623
 -3106895
 -4638020
 -5715152
 -6232885
 -6140455
 -5446938
 -4220280
 -2580501
  -688113
  1271617
  3106906
  4638060
  5715151
  6232815
  6140397
  5446970
  4220289
  2580487
   688134
 -1271575
 -3106850
 -4638028
 -5715173
 -6232853
 -6140410
 -5446926
 -4220275
 -2580494
  -688110
  1271617
  3106885
  4638018
  5715127
  6232836
  6140437
  5446964
  4220270
  2580446
   688071
 -1271635
 -3106879
 -4638047
 -5715164
 -6232808
 -6140406
 -5446955
 -4220318
 -2580502
  -688109
  1271622
  3106894
  4638019
  5715151
  6232884
  6140454
  5446937
  4220279
  2580500
   688112
 -1271618
 -3106907
 -4638061
 -5715152
 -6232816
 -6140398
 -5446971
 -4220290
 -2580488
  -688135
  1271574
  3106849
  4638027
  5715172
  6232852
  6140409
  5446925
  4220274
  2580493
   688109
 -1271618
 -3106886
 -4638019
 -5715128
 -6232837
 -6140438
 -5446965
 -4220271
 -2580447
  -688072
  1271634
  3106878
  4638046
  5715163
  6232807
  6140405
  5446954
  4220317
  2580502
   688108
 -1271623
 -3106895
 -4638020
 -5715152
 -6232885
 -6140455
 -5446938
 -4220280
 -2580501
  -688113
  1271617
  3106906
  4638060
  5715151
  6232815
  6140397
  5446970
  4220289
  2580487
   688134
 -1271575
 -3106850
 -4638028
 -5715173
 -6232853
 -6140410
 -5446926
 -4220275
 -2580494
  -688110
  1271617
  3106885
  4638018
  5715127
  6232836
  6140437
  5446964
  4220270
  2580446
   688071
 -1271635
 -3106879
 -4638047
 -5715164
 -6232808
 -6140406
 -5446955
 -4220318
 -2580502
