    -154
    -154
    -220
    -227
    -167
     -52
      88
     219
     315
     367
     381
     376
     373
     383
     403
     414
     392
     315
     178
      -6
    -203
    -369
    -466
    -469
    -381
    -228
     -53
      98
     190
     208
     161
      78
      -7
     -63
     -75
     -42
      20
      95
     166
     229
     286
     347
     410
     465
     484
     428
     260
     -41
    -470
    -983
   -1506
   -1946
   -2212
   -2231
   -1969
   -1436
    -680
     217
    1161
    2055
    2813
    3360
    3638
    3604
    3232
    2520
    1495
     224
   -1184
   -2583
   -3808
   -4695
   -5110
   -4974
   -4278
   -3088
   -1533
     216
    1968
    3542
    4783
    5577
    5852
    5582
    4781
    3506
    1857
     -30
   -1980
   -3800
   -5290
   -6279
   -6641
   -6325
   -5358
   -3851
   -1975
      63
    2046
    3780
    5108
    5926
    6181
    5868
    5022
    3720
    2071
     219
   -1668
   -3404
   -4805
   -5715
   -6025
   -5695
   -4761
   -3333
   -1576
     317
    2152
    3760
    5020
    5859
    6252
    5812
    4922
    3593
    1952
     151
   -1654
   -3301
   -4642
   -5548
   -5923
   -5719
   -4942
   -3663
   -2008
    -152
    1707
    3369
    4661
    5453
    5678
    5327
    4448
    3138
    1524
    -245
   -2010
   -3612
   -4904
   -5756
   -6074
   -5811
   -4973
   -3632
   -1916
       0
    1915
    3631
    4972
    5810
    6073
    5755
    4903
    3611
    2009
     244
   -1525
   -3139
   -4449
   -5328
   -5679
   -5454
   -4662
   -3370
   -1708
     151
    2007
    3662
    4941
    5718
    5922
    5547
    4641
    3300
    1653
    -152
   -1953
   -3594
   -4923
   -5813
   -6168
   -5939
   -5135
   -3825
   -2137
    -245
    1651
    3350
    4680
    5510
    5771
    5455
    4610
    3331
    1744
       0
   -1745
   -3332
   -4611
   -5456
   -5772
   -5511
   -4681
   -3351
   -1652
     244
    2136
    3824
    5134
    5938
    6167
    5812
    4922
    3593
    1952
     151
   -1654
   -3301
   -4642
   -5548
   -5923
   -5719
   -4942
   -3663
   -2008
    -152
    1707
    3369
    4661
    5453
    5678
    5327
    4448
    3138
    1524
    -245
   -2010
   -3612
   -4904
   -5756
   -6074
   -5811
   -4973
   -3632
   -1916
       0
    1915
    3631
    4972
    5810
    6073
    5755
    4903
    3611
    2009
     244
   -1525
   -3139
   -4449
   -5328
   -5679
   -5454
   -4662
   -3370
   -1708
     151
    2007
    3662
    4941
    5718
    5922
    5547
    4641
    3300
    1653
    -152
   -1953
   -3594
   -4923
   -5813
   -6168
   -5939
   -5135
   -3825
   -2137
    -245
    1651
    3350
    4680
    5510
    5771
    5455
    4610
    3331
    1744
       0
   -1745
   -3332
   -4611
   -5456
   -5772
   -5511
   -4681
   -3351
   -1652
     244
    2136
    3824
    5134
    5938
    6167
    5812
    4922
    3593
    1952
     151
   -1654
   -3301
   -4642
   -5548
   -5923
   -5719
   -4942
   -3663
   -2008
    -152
    1707
    3369
    4661
    5453
    5678
    5327
    4448
    3138
    1524
    -245
   -2010
   -3612
   -4904
   -5756
   -6074
   -5811
   -4973
   -3632
   -1916
       0
    1915
    3631
    4972
    5810
    6073
    5755
    4903
    3611
    2009
     244
   -1525
   -3139
   -4449
   -5328
   -5679
   -5454
   -4662
   -3370
   -1708
     151
    2007
    3662
    4941
    5718
    5922
    5547
    4641
    3300
    1653
    -152
   -1953
   -3594
   -4923
   -5813
   -6168
   -5939
   -5135
   -3825
   -2137
    -245
    1651
    3350
    4680
    5510
    5771
    5455
    4610
    3331
    1744
       0
   -1745
   -3332
   -4611
   -5456
   -5772
   -5511
   -4681
   -3351
   -1652
     244
    2136
    3824
    5134
    5938
    6167
    5812
    4922
    3593
    1952
     151
   -1654
   -3301
   -4642
   -5548
   -5923
   -5719
   -4942
   -3663
   -2008
    -152
    1707
    3369
    4661
    5453
    5678
    5327
    4448
    3138
    1524
    -245
   -2010
   -3612
   -4904
   -5756
   -6074
   -5811
   -4973
   -3632
   -1916
       0
    1915
    3631
    4972
    5810
    6073
    5755
    4903
    3611
    2009
     244
   -1525
   -3139
   -4449
   -5328
   -5679
   -5454
   -4662
   -3370
   -1708
     151
    2007
    3662
    4941
    5718
    5922
    5547
    4641
    3300
    1653
    -152
   -1953
   -3594
   -4923
   -5813
   -6168
   -5939
   -5135
   -3825
   -2137
    -245
    1651
    3350
    4680
    5510
    5771
    5455
    4610
    3331
    1744
       0
   -1745
   -3332
   -4611
   -5456
   -5772
   -5511
   -4681
   -3351
   -1652
     244
    2136
    3824
    5134
    5938
    6167
    5812
    4922
    3593
    1952
     151
   -1654
   -3301
   -4642
   -5548
   -5923
   -5719
   -4942
   -3663
   -2008
    -152
    1707
    3369
    4661
    5453
    5678
    5327
    4448
    3138
    1524
    -245
   -2010
   -3612
   -4904
   -5756
   -6074
   -5811
   -4973
   -3632
   -1916
       0
    1915
    3631
    4972
    5810
    6073
    5755
    4903
    3611
    2009
     244
   -1525
   -3139
   -4449
   -5328
   -5679
   -5454
   -4662
   -3370
   -1708
     151
    2007
    3662
    4941
    5718
    5922
    5547
    4641
    3300
    1653
    -152
   -1953
   -3594
   -4923
   -5813
   -6168
   -5939
   -5135
   -3825
   -2137
    -245
    1651
    3350
    4680
    5510
    5771
    5455
    4610
    3331
    1744
       0
   -1745
   -3332
   -4611
   -5456
   -5772
   -5511
   -4681
   -3351
   -1652
     244
    2136
    3824
    5134
    5938
    6167
    5812
    4922
    3593
    1952
     151
   -1654
   -3301
   -4642
   -5548
   -5923
   -5719
   -4942
   -3663
   -2008
    -152
    1707
    3369
    4661
    5453
    5678
    5327
    4448
    3138
    1524
    -245
   -2010
   -3612
   -4904
   -5756
   -6074
   -5811
   -4973
   -3632
   -1916
       0
    1915
    3631
    4972
    5810
    6073
    5755
    4903
    3611
    2009
     244
   -1525
   -3139
   -4449
   -5328
   -5679
   -5454
   -4662
   -3370
   -1708
     151
    2007
    3662
    4941
    5718
    5922
    5547
    4641
    3300
    1653
    -152
   -1953
   -3594
   -4923
   -5813
   -6168
   -5939
   -5135
   -3825
   -2137
    -245
    1651
    3350
    4680
    5510
    5771
    5455
    4610
    3331
    1744
       0
   -1745
   -3332
   -4611
   -5456
   -5772
   -5511
   -4681
   -3351
   -1652
     244
    2136
    3824
    5134
    5938
    6167
    5812
    4922
    3593
    1952
     151
   -1654
   -3301
   -4642
   -5548
   -5923
   -5719
   -4942
   -3663
   -2008
    -152
    1707
    3369
    4661
    5453
    5678
    5327
    4448
    3138
    1524
    -245
   -2010
   -3612
   -4904
   -5756
   -6074
   -5811
   -4973
   -3632
   -1916
       0
    1915
    3631
    4972
    5810
    6073
    5755
    4903
    3611
    2009
     244
   -1525
   -3139
   -4449
   -5328
   -5679
   -5454
   -4662
   -3370
   -1708
     151
    2007
    3662
    4941
    5718
    5922
    5547
    4641
    3300
    1653
    -152
   -1953
   -3594
   -4923
   -5813
   -6168
   -5939
   -5135
   -3825
   -2137
    -245
    1651
    3350
    4680
    5510
    5771
    5455
    4610
    3331
    1744
       0
   -1745
   -3332
   -4611
   -5456
   -5772
   -5511
   -4681
   -3351
   -1652
     244
    2136
    3824
    5134
    5938
    6167
    5812
    4922
    3593
    1952
     151
   -1654
   -3301
   -4642
   -5548
   -5923
   -5719
   -4942
   -3663
   -2008
    -152
    1707
    3369
    4661
    5453
    5678
    5327
    4448
    3138
    1524
    -245
   -2010
   -3612
   -4904
   -5756
   -6074
