000000000000000000000111
000000000000000000000000
111111111111111111111001
000000000000000000000000
111111111111111111111001
000000000000000000000000
111111111111111111111001
000000000000000000000000
111111111111111111111001
000000000000000000000000
111111111111111111111001
000000000000000000000000
111111111111111111111001
000000000000000000000000
111111111111111111111001
000000000000000000000000
010000000000000000110001
011111111111111111111111
010000000000000000110001
000000000000000000000000
111111111111111111111001
000000000000000000000000
111111111111111111111001
000000000000000000000000
111111111111111111111001
000000000000000000000000
111111111111111111111001
000000000000000000000000
111111111111111111111001
000000000000000000000000
111111111111111111111001
000000000000000000000000
111111111111111111111001
000000000000000000000000
000000000000000000000111
000000000000000000000000
111111111111111111101001
000000000000000000000000
111111111111111111101001
000000000000000000000000
111111111111111111101001
000000000000000000000000
111111111111111111101001
000000000000000000000000
111111111111111111101001
000000000000000000000000
111111111111111111101001
000000000000000000000000
111111111111111111101001
000000000000000000000000
010000000000000010100011
011111111111111111111111
010000000000000010100011
000000000000000000000000
111111111111111111101001
000000000000000000000000
111111111111111111101001
000000000000000000000000
111111111111111111101001
000000000000000000000000
111111111111111111101001
000000000000000000000000
111111111111111111101001
000000000000000000000000
111111111111111111101001
000000000000000000000000
111111111111111111101001
000000000000000000000000
000000000000000000000110
000000000000000000000000
111111111111101111100111
000000000000000000000000
111111111111101111011001
000000000000000000000000
111111111111101111000001
000000000000000000000000
111111111111101110011110
000000000000000000000000
111111111111101101101110
000000000000000000000000
111111111111101100101111
000000000000000000000000
111111111111101011100000
000000000000000000000000
010000000010101011110111
011111111111111111111111
010000000010101011110111
000000000000000000000000
111111111111101011100000
000000000000000000000000
111111111111101100101111
000000000000000000000000
111111111111101101101110
000000000000000000000000
111111111111101110011110
000000000000000000000000
111111111111101111000001
000000000000000000000000
111111111111101111011001
000000000000000000000000
111111111111101111100111
000000000000000000000000
000000000000000000000110
000000000000000000000000
111111111111111111111100
000000000000000000000000
111111111111111111111010
000000000000000000000000
111111111111111111110110
000000000000000000000000
111111111111111111110010
000000000000000000000000
111111111111111111101101
000000000000000000000000
111111111111111111101000
000000000000000000000000
111111111111111111100011
000000000000000000000000
010000000000000001101110
011111111111111111111111
010000000000000001101110
000000000000000000000000
111111111111111111100011
000000000000000000000000
111111111111111111101000
000000000000000000000000
111111111111111111101101
000000000000000000000000
111111111111111111110010
000000000000000000000000
111111111111111111110110
000000000000000000000000
111111111111111111111010
000000000000000000000000
111111111111111111111100
000000000000000000000000
000000000000000000000110
000000000000000000000000
111111111111111110101111
000000000000000000000000
000000000000010011110001
000000000000000000000000
111111111101101010010010
000000000000000000000000
000000001011100000101011
000000000000000000000000
111111010110001000010011
000000000000000000000000
000001111011011011110011
000000000000000000000000
111010110010111110000000
000000000000000000000000
010011110010000000011011
011111111111111111111111
010011110010000000011011
000000000000000000000000
111010110010111110000000
000000000000000000000000
000001111011011011110011
000000000000000000000000
111111010110001000010011
000000000000000000000000
000000001011100000101011
000000000000000000000000
111111111101101010010010
000000000000000000000000
000000000000010011110001
000000000000000000000000
111111111111111110101111
000000000000000000000000
000000000000000000000110