111000110100000011010100
000110101010101010001001
000010011001001101110001
111111011011001111000001
111101101110001111110011
111101000110010100010001
111101010011111110011001
111110000111011100010111
111111010011011000100001
000000101011011001001111
000010000101100111011101
000011011000010010011101
000100011011100011110010
000101000111101011001000
000101010111101010110011
000101001000001011110010
000100011001111110110011
000011010000110100010100
000001110100111100101110
000000010000101001110100
111110110000001101011100
111101011110111101001000
111100100110111001101001
111100001101101101000110
111100010100101110010010
111100110111011000110111
111101101101010010110110
111110101010000111001101
111111100000111100100110
000000000101000000100001
000000001101111110111110
111111111000000110100101
111111000111000011110010
111110000011110001100111
111100111110000011100110
111100000111111000101011
111011110100101001000011
111100010010110110001111
111101101100010100100110
000000000000101000101000
000011000101110010100011
000110101000001011010000
001010001001111111010100
001101001101000101111111
001111001100010111010000
001111101101001110000010
001110011011011011100011
001011001111111011111110
000110010011110100001101
000000000001000111100001
111000111110101100001101
110001111100011100100101
101011110000010000001111
100111001101001010011000
100100111101010100100000
100101011010111100000111
101000101110001101100001
101110101001101010001001
110110101011100000001101
111111111111111001010000
001001101000001110010001
010010100001101001010001
011001101101101000000111
011110011000011000010010
011111111111111111111111
011110011000011000010010
011001101101101000000111
010010100001101001010001
001001101000001110010001
111111111111111001010000
110110101011100000001101
101110101001101010001001
101000101110001101100001
100101011010111100000111
100100111101010100100000
100111001101001010011000
101011110000010000001111
110001111100011100100101
111000111110101100001101
000000000001000111100001
000110010011110100001101
001011001111111011111110
001110011011011011100011
001111101101001110000010
001111001100010111010000
001101001101000101111111
001010001001111111010100
000110101000001011010000
000011000101110010100011
000000000000101000101000
111101101100010100100110
111100010010110110001111
111011110100101001000011
111100000111111000101011
111100111110000011100110
111110000011110001100111
111111000111000011110010
111111111000000110100101
000000001101111110111110
000000000101000000100001
111111100000111100100110
111110101010000111001101
111101101101010010110110
111100110111011000110111
111100010100101110010010
111100001101101101000110
111100100110111001101001
111101011110111101001000
111110110000001101011100
000000010000101001110100
000001110100111100101110
000011010000110100010100
000100011001111110110011
000101001000001011110010
000101010111101010110011
000101000111101011001000
000100011011100011110010
000011011000010010011101
000010000101100111011101
000000101011011001001111
111111010011011000100001
111110000111011100010111
111101010011111110011001
111101000110010100010001
111101101110001111110011
111111011011001111000001
000010011001001101110001
000110101010101010001001
111000110100000011010100
111111111111111111111111
000000000000000000000100
