[1] -1883948 
[2] 1747593 
[3] 627569 
[4] -150591 
[5] -597005 
[6] -760559 
[7] -704615 
[8] -493801 
[9] -182751 
[10] 177743 
[11] 547293 
[12] 885917 
[13] 1161458 
[14] 1342152 
[15] 1407667 
[16] 1344242 
[17] 1154995 
[18] 855316 
[19] 479022 
[20] 68212 
[21] -326820 
[22] -659640 
[23] -889239 
[24] -992442 
[25] -963694 
[26] -821705 
[27] -600906 
[28] -351795 
[29] -127194 
[30] 20513 
[31] 57278 
[32] -32347 
[33] -233230 
[34] -508825 
[35] -794394 
[36] -1016277 
[37] -1095101 
[38] -971377 
[39] -604890 
[40] 2600 
[41] 810147 
[42] 1737424 
[43] 2662356 
[44] 3461503 
[45] 3982800 
[46] 4117378 
[47] 3782371 
[48] 2948862 
[49] 1654029 
[50] 4577 
[51] -1840371 
[52] -3684571 
[53] -5307377 
[54] -6499688 
[55] -7088864 
[56] -6967545 
[57] -6102175 
[58] -4547959 
[59] -2443251 
[60] -432 
[61] 2524049 
[62] 4856401 
[63] 6740487 
[64] 7964178 
[65] 8388607 
[66] 7964178 
[67] 6740487 
[68] 4856401 
[69] 2524049 
[70] -432 
[71] -2443251 
[72] -4547959 
[73] -6102175 
[74] -6967545 
[75] -7088864 
[76] -6499688 
[77] -5307377 
[78] -3684571 
[79] -1840371 
[80] 4577 
[81] 1654029 
[82] 2948862 
[83] 3782371 
[84] 4117378 
[85] 3982800 
[86] 3461503 
[87] 2662356 
[88] 1737424 
[89] 810147 
[90] 2600 
[91] -604890 
[92] -971377 
[93] -1095101 
[94] -1016277 
[95] -794394 
[96] -508825 
[97] -233230 
[98] -32347 
[99] 57278 
[100] 20513 
[101] -127194 
[102] -351795 
[103] -600906 
[104] -821705 
[105] -963694 
[106] -992442 
[107] -889239 
[108] -659640 
[109] -326820 
[110] 68212 
[111] 479022 
[112] 855316 
[113] 1154995 
[114] 1344242 
[115] 1407667 
[116] 1342152 
[117] 1161458 
[118] 885917 
[119] 547293 
[120] 177743 
[121] -182751 
[122] -493801 
[123] -704615 
[124] -760559 
[125] -597005 
[126] -150591 
[127] 627569 
[128] 1747593 
[129] -1883948 
[258] 0  
[257] 4 
