 5262843
  454172
-2046874
 -767430
-2226418
 3009215
 3524553
-3444487
 1504088
  840415
-1307412
 2984431
-4360012
-1159587
 7446309
-2372019
-1655446
  574963
 2543597
-1327365
-3643174
  853493
 4662085
  685369
  606550
 1386790
  -77585
-1228012
 6444826
-2118259
 3197868
 2205156
  210795
  344970
-1541063
 2246133
-4438952
 2627941
 2205558
  192966
 -868448
-2216831
 1600376
 4362091
-6021779
 2821355
  189975
 -636462
-2372264
-2722713
-2118959
   42346
-2179000
 -144192
 1756449
-1927250
 -244672
 -646205
-1428040
-2778890
  923621
-1201411
-2795379
-1409396
 1163661
 1323711
 3530132
-1892265
 1494367
 1536970
 2130283
 -598779
  -88156
 6855559
-3447792
 -293659
 2382971
 -672214
  -32392
-3127478
-1435634
 2144111
-1688355
 -275777
 2097064
-1276678
 -924013
 1667892
 1432398
-2092100
-1650791
  273627
 1533071
 4787182
  981658
-3367069
-1060404
 -160321
-4470750
 3416438
 4082640
-2948094
  390260
 -834553
-1267707
-2563441
 -788395
  692060
 2174073
 1060454
-1576022
  765875
 -910757
 3238063
-1286329
-1131296
 -328830
 2618779
-1187785
 3430252
  129388
-3031577
 5348724
 -426402
 1154788
-2872161
-2199230
 4198876
  988523
 1368615
  602743
  499719
 -598671
 -535934
 3752530
  967508
  410564
  252890
  403978
-2178685
  741104
-1198984
  810812
 4924475
-3068239
  554779
 3920680
 -254793
 -438365
-5099410
 1907484
 3652539
-1285478
-2596220
-1212108
 -826620
 -875248
 1280083
 1977600
 2814191
  -73211
 3329517
-2198528
-1005978
 1781300
 1822285
-1858246
-2882109
   37379
  297947
 3660711
-1170180
-3937093
  499716
 4196940
    9965
 1108138
 1621571
 -739142
-2365898
 4352362
 -517085
 -138679
-3905122
-1440472
 1104895
 -463737
 3032978
 -370945
-1474093
 2188596
 1163195
 -826110
  485190
-1045545
 -904534
 3097773
 -911780
-4418649
-2120247
-1710435
-2854475
 1801394
-1772761
 1129939
 1096077
 1098700
  292148
  -94721
 5878344
-3843789
 2035214
-1503132
  162196
-1009758
 -696469
 6298326
 2202514
-1182250
 -684583
-5065727
 -995789
 -714303
 5231778
-4668903
-1875900
 2602080
-3614104
-1405403
-4024381
-2002086
-3429523
 -448605
-1472497
-4090304
 5148696
  574546
 1910199
-7171629
 1533491
  422775
   36179
 3148417
 3673989
 -722717
  827716
 -642106
 -220315
 -120210
 6525693
-2332012
-2589592
  586279
 2290953
-2164615
-1911460
-3909287
-2204346
 -401357
  315277
 -222014
-1479239
 -976169
 1798019
-2312634
 5429736
-2390065
 2582328
 1138606
 -989998
 2569464
-2368076
-2780540
 -602966
  676311
-2581521
  -52355
-4129001
-5388457
-1017663
  505816
 2251543
-6445626
-2797687
-3564807
-3090020
 -964897
-1481024
  776659
 -326424
  490094
   15545
 2937790
 1772135
  902253
-5318724
 1177109
  986014
  701538
 -954721
  787440
  404141
-1065572
 2076843
 2775621
 -661868
 3813151
   34084
-2134851
  757611
-3409297
 2943454
-2923450
-3138026
 6405960
 2998996
   74579
 2244798
-3371029
-4385250
-1915584
-3771106
 1991533
  496171
  988949
 1041166
-3800866
-4145351
-1368120
-3464618
-1607468
 -861939
 -891200
 -948586
-3244045
-2620049
  283448
 -625495
-1555048
 -891959
-2349555
-2460684
-3438962
 5253022
  422863
-2868301
 1904565
 3297841
-2102793
-2725078
 -762291
 2032239
 -689243
-1137274
 3036203
 2568532
 -693411
-5704000
-4878996
  302741
-4224226
 1358931
  810549
-1022710
 2379406
 -597630
-4027039
 -498234
 2404021
-2806063
  993148
 1294139
 -297269
 1981517
-2241970
-2960667
 3983769
 -791118
 3700744
 5123653
 2344838
  584152
  835244
 -416566
-2839464
 1310269
-2951055
 -575812
 -288294
-6692427
  767198
-8113271
-5614986
 1343967
 1028220
-3202159
-1611842
  962998
 4294719
-5175806
-3143506
-1352219
 5550739
  162506
 3647082
-2609164
-2527807
-5243585
 3106195
 1234996
-3782529
 2551124
 5914409
 2788534
-1182575
 1125134
-4342942
 6256347
 2473378
 1171528
-3959031
-1155345
 2979676
 2403475
 2605526
-2739283
-2113401
 -848387
-1047186
  470399
 -536438
-1982690
-3789123
  563576
-2408724
-1447156
 -991363
 -122504
-1958259
-4321103
  692758
-3306731
 3837017
-2278801
-1838197
 4855718
  951785
-3478213
-1201079
 1323143
 5637367
-6483094
   11666
 1755511
-4119648
-2240201
-1439125
 1565686
-3130577
 1953124
  434953
-1512400
 2304660
-1641675
 1531347
 2088044
 1292764
-1877351
 1572572
-1508971
 -741608
  -79096
  267950
  251689
 1724254
 -106747
  998838
  547282
 4383012
 1081032
 2561726
-1876270
 4193473
  314445
 -744166
-2685805
 1431780
  101333
 3420409
-2380866
 -283047
 4162912
 1901053
-2040664
 1289866
 3656698
 1531761
-2973432
  332801
 4749941
-3535986
-3231902
-6001835
-1789374
 -755224
 2895804
  965347
 -561369
-3133996
 -275863
 3702679
-1981884
 3549070
 7434828
 1459061
 -287125
 2639126
 2816577
 1789755
   41956
 3986372
 1543892
 -391792
-1895916
-3594033
-3648552
 1004068
  527132
 3439903
 2405623
 1586728
-2878496
  379446
 1795286
  380949
 1204403
  859096
-2352076
-1302539
-1393321
-2620046
 3088747
-4942006
 2997331
  310100
  538109
-4061425
 1670889
 1537064
-2963452
 1626145
 1111600
 -880863
 2455269
-2726660
 1650399
 1483574
 3498005
 -298090
-5410845
 -599429
 7440119
 2740943
 -649034
-4808944
 3326116
 -801151
  701410
 -695273
 1707312
  102512
  -11470
  141771
-1777283
-1772693
 1916401
 4320330
 -774300
 -188557
 2313493
-1094175
 2219559
 3817770
-4320550
-5263907
-3847182
 3250388
  974359
  684764
 1365727
  586008
-2981618
  208341
 2259765
 2013735
 2705424
-3527243
 -778761
  950109
 -463936
-3674570
 -872301
 1426240
  460231
 1022939
-2565113
-3750512
-3579034
 2280691
 2618778
 3994869
 1423968
 1244446
 -330980
-3011604
-3213256
 3379018
  503059
 -994673
-2230148
 -688036
-1172047
-2117827
-1558896
 1245638
 2374020
-5966836
-1992477
 2124546
 4952984
   -3680
 1761482
  182049
-1624575
-5041116
 1705970
-1503867
-3054567
 2854636
 -890404
  540150
 -225790
 7036340
 -479684
 -857179
 1906542
 -702421
 1642352
  784879
  155436
  696364
-1078730
  200040
 2747735
 2256006
 2186252
 4159446
 3914306
-1187517
-1476942
 2179018
 4112349
-2065134
-2104381
-2853822
  222460
-2107343
   78144
 3058987
  130562
 3851823
-3503111
 -421627
 3382452
 3628431
 -785784
-3052924
 -948868
 1792457
 2389674
  783228
 1180401
-2098323
 2926981
 3001115
 3590930
 -360902
 4317799
 -527342
-2983251
-2196019
-2318283
 -977782
-2214041
 4005129
 1457820
 1042762
  996811
 4558071
-2938355
-1657695
 -975126
 -896585
 2726282
 2269837
 2191920
 -353260
-1242322
-2813678
 -533980
 -298451
 -145426
 2281009
-2471990
 1782066
   36841
  814442
-2434268
-4250113
 1002821
-1839214
 1004114
 4843596
 -440653
-1872302
 3757667
 1314836
 3007080
 2286956
 5184362
 2318377
  819319
-1655138
 2065365
-2502838
-1169209
-3283720
  565589
-2524896
-2774099
 -880603
 4246628
-1576689
-5418418
-2256501
 -447203
 -853273
  -21823
 -469485
  -59976
 1970609
  191007
 2468062
  727301
-3085482
 1379452
 1952898
-1585692
 1673853
 2798400
 -961707
  752794
 -837362
 4271935
 -835174
  559481
 1980995
-2482740
-6028455
 -211517
 -220604
-1866455
 -849531
  643932
 1271490
-4451488
  632038
-1076908
  650283
 1194467
-1833208
-1545155
-2399405
-5657371
 1046785
-1918213
 -469467
 1189824
 -251698
  814577
-3762759
  269516
 1932057
-3432378
  498024
 3115201
-1953765
  134453
-2393257
-2533640
 3574401
 -229375
 1926678
-4185770
-3210904
 3439598
 1703121
-1867879
 3163048
 -246976
 1860984
-1561219
-6190607
-2362044
-1983677
-2123704
 -764592
  485018
 1091346
   64641
 2419612
 2139086
 -540377
 1526633
 -973021
 -408794
 2632248
-2309881
  825381
 1659127
 -726791
 1955441
 -191886
  -38872
-4226613
-2191117
-5659177
 -456751
 1610147
-1377288
 1615052
 3797310
 3735341
 4571389
  482959
 2769591
-1862367
 2539280
  798500
-2037461
 5367366
-3062042
-3817278
  741332
 -940622
 3693468
 2375739
-1390913
-3723972
-1468464
 2114469
 5317089
  465001
 -406900
-2027263
 2239876
-1506718
-1300547
-1105922
  857189
  733449
 -883490
 1720055
  -24976
 -358822
 -319554
 1565587
 2824565
-2686825
 -456352
 1990050
  609425
-3375206
   -1085
   75238
 -310994
 1105223
-2239511
 2131254
-3153483
 -370114
-1713362
 2361004
-3766935
-1263116
-1318553
-5284475
  636790
-2192699
  577208
 4312509
 1832125
 7159376
 2103197
  691086
-3660477
-4417095
 -812100
-2976943
  152666
-4324260
 2771686
 1986961
-3252259
 4132073
 1177377
 2114080
 -890261
-4401946
 1718925
 1600521
-2509165
 4577220
 -132667
 4128744
 -954183
 2482108
-5209899
-2763024
  253991
 1389352
-1277726
 3243403
 -837324
-3566033
-2829707
 2129146
-3529385
 1439109
 3685879
 1141310
-3015841
 2505851
-1390521
  986358
-1305502
-1047043
 1215193
-3427528
 3705853
  953931
-3701596
 -308609
 -160752
-2542993
-2496556
 5053039
 1393574
 1282474
-1349519
   83315
-2980720
 -870451
  114416
  150523
-3029094
-1452026
-1962253
-3559431
-3290425
 -824551
 1263270
 -625824
   18963
  238391
 2672408
-4720153
-1419625
-1333706
 -701375
 -185164
   94242
 -711543
  458141
-1162223
 -612980
 1633776
 3784887
-2332671
 -498076
 3913658
-3792442
 3999945
   98624
  940678
 -793096
 -958512
 4313436
-2971139
-1667663
 3742766
 2151927
 3084023
-2722079
 1435781
-3007006
 -103769
 1961471
 2675917
 1808597
-1485057
 3231480
 2652703
 -602669
 4345173
-4908650
  704983
 5039187
-4484597
 2737447
 1180698
 1192328
  850848
-2767194
-1960334
 1895972
 1284910
-4311193
-2697005
-1281743
 -110924
 3663485
 -505008
 1018174
 2261474
-2302233
-2444883
 1620038
 2208969
-1338253
  845586
-1446731
-2330296
-2638095
  726975
 1580799
-1509326
 4067507
  445435
 2477385
  634147
 1102980
  176222
-5193423
-1347431
-2971515
 1580702
-5613633
-1347496
 -662948
  735494
-3108286
 -263048
-4768889
 1483039
-2111810
  103257
 -205924
 1915845
 3321624
 6438854
  938981
  701604
  246207
-1170222
-1574274
 -468363
 3980731
-1950688
-2450392
-1518937
  594195
 1103835
 2806467
 -551971
 1730107
 -766640
 2870772
 4796866
  498363
 -705310
 2250871
-1770322
  275097
  244425
  208435
-1725542
 -568776
-2368123
-1367006
 2713723
-3381135
-1222803
 4524854
-3155873
 -498992
  512575
-2343611
-1771102
 3214209
  724523
-5537642
 2434119
 3046584
 -403664
  788589
-3750534
-7169166
 4250233
-1675829
 2542076
 -111109
 -796146
-2229916
  775579
-5223281
 -229112
 -356990
 -602160
  757873
-1215414
-3082584
 2180355
 1177031
-1555173
 1645978
-2077970
  561211
  411897
-1153958
  990088
 2104473
-1085187
 -455116
 4799986
 2197300
-2426169
 1285759
-4001723
-1726784
-1051497
-3107775
-1695685
-1570723
 4941732
-4622568
 1460322
 4472904
-6086013
-1617249
 -694566
 -326958
 1179820
 3939384
 1283321
-4795511
 1154899
  349566
  401854
  815618
 2600145
 -931327
 -634686
-2268163
 -776697
-1161506
-1485101
 3360689
 2644650
-3848658
-3678788
-4704102
 -629217
-5690578
-1819980
-1978755
 3834842
 1962720
 -312925
 -776192
  370299
  263965
 4059566
  594557
 -162444
-5823107
-2558880
 -304110
  -22481
  -75799
-4207651
 2614853
 1493720
  338746
 3740041
  641871
  511351
-4019299
-1874193
-1551439
 4217858
  523742
 1674025
 2995466
-2110519
  641270
 1672018
  393563
 6247488
 1453475
 1987574
  236202
-1471352
 -257348
 1675339
 4473840
-4053560
  230534
-3597920
 -135830
 1648469
-5760823
 2115440
 -481408
 -412640
  906866
  -58092
  -39478
 2059524
-3202414
-2935505
  146900
 2462220
 2393565
 2674432
 -469244
-5134539
-1025297
  -54247
 -932313
 -272014
-4507283
  675079
  703658
 2329824
-1475164
  534707
-2906969
 -462322
 1078892
 5876415
 1828378
 2313332
 1104078
 -646587
  775637
  694880
 4277624
-2615264
-2567416
 -420456
-1031859
 1084929
 3345465
-2388348
 1120985
 -625222
-4326490
 3753888
 1579995
 -779951
 3043295
-2273570
-1571539
-2369134
-3865517
-1367844
-2161851
-1998630
-3606525
 4372690
   81880
 2172495
-3416764
 -422414
 -820856
-3956296
-4227061
-1423638
 -916293
-1291226
 3452030
 3930695
-2401522
 -640641
   27922
 -328790
  894845
 -671291
  196908
 2795492
  147250
  998085
-1610710
-3344918
-4859652
-1146009
 1753321
 2995568
-1272004
-2412556
  235976
 1465042
 5581963
-1499306
 2127212
-2714250
  948626
 -715903
 1894598
 2148993
  -17105
 1565684
-1916262
  619904
   98287
 1574530
-1383199
-1570551
-5845227
-3391007
  843356
 1234191
  -47438
-1744202
 4201649
  477015
  307856
   37148
-2085378
 3321064
-4251040
 2963702
 -867285
  164348
-4690897
 -721796
  697378
 -540811
-2456139
 3277593
-4675233
-2973184
-1438837
 3612830
 4202971
 1659534
 3150282
-3318859
  789825
 1868321
  413383
-5759920
-3236190
-1290394
-4100793
 -740131
 1231198
 2899672
 -644363
  445750
  683369
 -643434
-3184438
-2179741
-1477728
-1981483
 -482477
-2201623
 1141815
-3018942
 1049271
-5216098
-4061242
 4667491
-2981179
-1078516
 1643209
  296567
 1816401
-2777292
-4357162
-2947530
 2835019
 1990594
 2198013
 -307590
  961244
 1885025
 -670298
 -812781
-2478348
 -375847
 1815813
 2846798
 4822374
-6096011
-2237627
 1340767
 2783634
-4299812
 1347063
 4323102
  551000
-3866608
 2894900
-2778937
 1197063
  419545
-1790294
  272949
  781393
  612598
-1431847
-1089271
-4399601
 1083724
 3798434
 5611097
 -571147
  234952
 -775356
-2730029
 -616682
  175187
  569939
 4479318
 2346707
  345211
 4197147
-3138516
 1400631
 -610165
  348742
 -594545
  918749
-3944814
-1408341
  703870
 3181372
 1157810
 8017571
 -406233
 2865004
 1188137
-4261857
  616815
-2729537
 1855691
-1862047
-2566247
-2205427
-4694776
 1875704
 2026630
 4008214
-3042940
 2414470
 3679683
-1503219
-1669402
  741154
-2225683
 3013704
 -760032
 3353563
-1439967
  276151
-4268533
 1331310
 2380102
-3772361
 3035772
-3627173
-2632175
 -488077
 -115270
  764543
  281630
-1246419
  118862
 1301291
 -159563
 3711996
-1416731
-2806186
 -428001
 1205155
 -185853
-1003452
 -402272
 2523031
 1664621
-2698332
-2176717
  224987
 3335972
-1857789
-2922197
  700242
-3605486
 2863247
 -642476
 -519117
  531989
 -304198
  226493
 -286489
-2928910
 1125737
-1212573
 1553207
 -628318
-2362875
-3803619
 1649187
-1116213
-3301773
 1181868
-1131182
-1369693
 3476333
 -189824
 5471084
  971833
-2997412
-5000572
-1926357
-2992769
  142182
  -25850
-1486843
-3291094
 -675021
  388588
-3042886
-2622091
 1906214
-4144206
 1508553
  529978
 2406101
-3935984
  119865
-4377762
-3573184
-1331325
-3214537
 -207400
 3484123
 2197326
 5799292
-1147757
 -718693
 1807950
 3907067
 -153166
 2985282
 1040401
 2076008
 -469371
-2631935
 1952721
-2024618
 2867115
   68449
 3061957
  184729
-1306842
   95577
 4176869
 -543123
 2334797
-2003063
 1086244
 2686024
  927178
-1729746
-1882724
  197444
-3736771
  159847
 2398491
 -305294
 2094940
 -581297
 1218125
 4693347
-4368023
 1691859
  251127
 -585959
-1851101
 1100315
 1224526
  678472
 5237905
 3896276
 1022223
  484337
 5627477
-2807416
-3351054
 6828118
-1104789
-2092842
-1472990
-1696992
-4845639
 1140933
  287613
  932822
-1146059
-6161258
 -513567
 2333230
-3473195
 4104002
  389393
  903471
  637361
-1155488
 -372490
-2882514
 3932412
-2667912
  221164
-3115851
-4102237
 1988249
  714856
-6898473
 -766702
-4704445
-4765675
-3085048
 2299353
 5120153
 1053758
  264524
-1192834
 -384221
 -472508
 2456286
-1023702
  227817
 -258589
 1752184
-1115062
 -616242
 2557866
 2534392
  316907
  457069
-1162188
 1071564
  471346
-3758700
  452849
-2139572
-2973623
-1769823
-4817377
  897874
  -63743
-5469948
  906257
 -928651
-4212357
 2696218
  705587
-3407611
 1065236
-3265570
 2086793
  832140
 1665736
 2357804
  -77321
 2060279
 2149033
 2343470
-2328223
 -753338
-7226083
   -3741
-3776747
 1549676
  746150
  278624
 5408184
 2317863
 1259607
 4624356
-1661510
-1246696
 2277778
-2782567
-2530296
  167988
-4340464
  328985
  306362
  226667
  722091
  528912
 2517606
 2605282
 -180454
 3244296
-2781127
-4286882
-2714373
 4138584
-3983280
-1410929
 -507065
-4727268
 -124665
 2110367
-5512674
  887808
  612514
 2317066
 2793801
  560820
-2447068
 2868967
 6924238
   25265
 3471440
  683934
 -506835
-1048451
 2429945
 3373208
-2976231
-1006326
  829218
-2415393
-2749420
 1643426
 2563457
  778200
-2711585
 1363487
-2358323
 -233061
-1710357
 2214224
 -724707
 1753002
 3634451
-2071907
-2500048
-1082220
  -90862
-1440256
 1179755
-1491183
 6114808
 -512736
 -219046
 4421676
-1804603
-2043779
 2258220
   33558
 1915446
   -7869
-2751496
 1951815
 1725285
-1566949
 -424067
-2077598
-1625627
-1632393
 3599025
  275242
-2346313
 3144774
-3368498
 3025076
 -938133
-4470439
  171821
  280227
  196653
-2474348
 1923359
   87832
 -934518
 1633835
-3758544
  -75617
  945908
-2979383
 1661377
-4123369
 -343992
 1988261
 4914124
 2648603
 4554645
 3639758
 1312320
 -627224
 3517119
 -455243
  281174
-2545619
-5024131
  338590
-3137433
-2250337
 1179220
 1524347
 1583746
  392850
 1917797
-2586967
 -657978
 2252160
  472995
-3851876
  136352
  386927
  -82907
-1798851
 4864582
 -574047
 4982862
 3812509
 4488263
-4141567
 -823830
 1207546
 2508694
 -241267
  233084
  435782
  351277
-1046239
-1207220
 -913565
 1019571
-1457599
-2025040
-2221371
-3714587
 1143589
 -332731
  -50048
 2041013
-1833892
 2610606
 -366961
  969967
 2322452
  733924
 -177840
 2161462
 3946986
 2230721
 1465795
-4854465
  786053
  224303
-1848226
  -37085
 -820303
  810128
 3126980
 2666484
-1325638
 1026408
  613923
 3053099
-2226863
 1119579
 1999075
 -355450
-7224912
-1953177
  879214
 2998963
 1161700
  321099
  584562
 3105958
 2231203
-1104975
  951530
   24030
 6255318
 -635161
 -545918
-2903721
 1435990
 2164447
  888425
 -347495
  -12376
 2886286
  736148
 2990238
 3401662
-5158904
-1930125
 -561456
  -37616
-1202653
-1433742
-1267388
 5389619
 -661541
-2455489
 -521935
  746609
 -404948
 3514026
 3294236
 -502738
-3449763
 -604979
 1776629
 2588775
 2053884
  272513
 3764779
 -539152
 3897941
 1393312
-1572359
 -306948
 4237132
 -719024
-1626297
-3079400
 2746257
 1892397
-5181725
-1864677
  314154
 2160857
 3006554
 -561535
 -776956
-2764175
 1255342
 1932596
 -696553
 5388513
-2553259
 3152906
-1125393
 1048081
 1046638
 1022187
 1184433
 2959284
-1853054
  621802
 1025360
 -208282
-1740745
 1535428
-1282469
  485680
 1296603
 -404065
-1797961
 1674982
 2742258
 -615852
 1580063
-3074204
  457888
 1151485
 2115780
-3328845
 -564328
  -91226
 -976180
 3269012
-1366704
-1540889
 -919653
 -676151
 -350216
  782964
-6197635
  152187
-2282444
-2586590
  724940
 2479511
 1126546
 1355741
 3407881
 1769616
  839623
  736093
-2240612
-3058082
  525191
   30682
   88994
 2606437
-2762492
 3337107
 2934304
-3412232
-2247998
 -328429
 1514082
-4465291
 3112660
 3567209
  214836
 1549104
-1238232
 -214124
-1788177
 -914085
-1018616
-1325100
-1086676
 -459640
 2251429
  641404
 1431324
 -200606
  110145
 -740970
 3069423
 2656958
 2560619
-2260561
-3388741
 2445295
-2165002
-1705526
 -459346
  367437
-1243693
-3037567
 2199820
 -949522
 1003005
 1507861
-2729354
-3856960
  833669
-1381378
-1263011
  190376
-2035793
-1077868
-4794977
  418338
 1566765
  147016
  604091
 2179946
 -414435
-3857835
-1473116
  188603
-5143050
-1427303
   37463
 1898019
 -908455
 5186797
-2232025
  704049
-3156879
 3623085
 -976219
-1980515
 4382505
-2132944
 2177553
  615403
  539992
  694766
 -557159
  459112
 1297987
 1551080
-1196369
 -897953
 3415962
 7239407
 1791664
-2859423
  721524
-2207936
 -121292
-1863363
-1179801
 -207697
 -699053
 1685612
 -670941
  245801
-2246821
-1019858
  810165
 4567805
 5661685
-3457401
 1470548
-1994762
 4632726
  473943
 1335878
 -478876
  332896
-4111959
 3851726
 1070844
 -769953
 1075395
 2079779
  896838
 -181142
 -886273
-1500208
 4761235
-1076278
-1269742
 3716923
-2782634
-1638219
-1917862
-1345779
-5859745
-2085641
-2779354
-3947248
 3687532
 1925195
 -257470
-3285544
-3792444
 2352274
-1888723
 -111232
-2445922
  757404
  103141
 1949193
  122507
 2691966
 1169519
 2533137
  241854
 1594104
   24658
-1856445
 4638349
  735839
-1902879
-3174256
-4759380
-2506954
-3470864
  397286
-2519533
 1178389
  354670
 1153903
   74279
-3886835
-1895771
 3816843
 -832212
 1798304
 -329071
 1845525
-1035500
 -420056
  253034
  344361
 2619370
 2976835
  312527
 -106648
 1985657
 -901213
 -287820
-1614245
-6264095
 -457392
-4611435
  147864
 1749951
-1194505
 2807353
  274274
  851544
 3929797
-1975388
 -114977
-4353808
  380935
 1604384
 5798122
  424291
 2275218
  -57574
 1683031
 -582337
 -287760
 5365638
-4548649
-1256123
 -553371
-1828607
-2886301
  221682
 3263763
 1728480
  930771
 -608738
-1040160
-2728297
  584976
-3689820
-1358682
 -323435
-2977132
  682553
-3667134
-4065577
 4650347
 6121054
 -565663
 -557213
 1785959
  561422
 2625195
-3193857
 4730161
-1819354
 1676441
 1928167
-3990611
-1645954
 -229424
 1339533
  748949
  950037
  333342
-3645914
  170272
-2079312
  165360
 2300311
 1684427
 -487219
-4084131
 1172452
 4701936
-3634830
-3795379
 1213196
 1347672
  715006
 5932877
  487112
-3848246
 1021378
 -827507
 -357527
  733987
 2097946
-1743455
 3519301
  642469
-2491199
 2098577
 1126574
-1247450
 2932614
  386605
-3671176
 4011306
-1573826
-2072966
 3447236
 -928500
  756435
  829200
 1350803
 1308175
 1026126
 7358192
 1279010
-2182754
 5622444
-2920319
-1933037
-2236441
 1350086
  -46972
  180646
 -969241
-1013828
 1416244
  551944
-1485149
-2399227
-2228685
-1011058
    3501
 1444037
-1718048
-1832227
-1660266
 -224315
-3815192
 4413219
-2517706
   42055
 1539764
-1435101
-4272946
-1332613
-3934981
 -868173
-3260814
 -604528
  712101
  535330
-1850138
 -515859
 1703832
 3451486
 2362174
 -821584
  329135
-2514791
 -544526
-1001224
-5375510
 1384781
 -400812
 -750124
  894945
  718086
-2889371
-1228848
 -497946
 -294586
 -753585
-3015146
  982017
 4050167
   -9345
  -59191
 3540516
-4295497
-5383171
 2941165
 4484218
-2015566
 1567891
 2257972
-3551743
-2973055
 3186670
 3296898
 4586208
 2456087
-4627036
 4343996
 3447646
-2247997
-1595611
 -867374
-5556148
  511140
-1752778
-1131619
-1598389
-5420084
 1033269
-4035745
-2615072
 4075343
-2028247
 -773130
  739669
 -501365
 2491253
-1292271
 -406147
 2884311
 1979337
 -221536
 1513084
-3626275
 2996418
 1030677
  263296
-4600790
 2075389
 1273882
-1934101
  174306
  216584
-1994333
  200742
 6553749
-2209089
  892229
-2871791
-1723152
 3802207
-2184541
-2027384
-1525481
 2642445
 4600985
-1221730
 1761789
-3799095
 1389655
-1175317
 1479509
  257416
 3091000
-1216088
   38210
 3737755
  472424
 2191705
-3810308
 1112479
  588067
 1674812
 5595459
 -912593
 2318033
 3364883
 4440393
 2456283
-1320731
-1202584
  246897
 -987119
 -885204
  293537
-1592645
 1739689
-1461058
  -86571
-1438680
-1966517
  -68266
  127828
-3892379
 3597067
 2950931
 2658430
 2060884
 -953226
 3741244
-1712734
 3144229
-5288496
  753589
-1298946
  709994
-4877243
-1880535
 -390482
-2240775
 4088407
 7437633
-2058294
-3012633
 2056873
   69432
  617682
  389610
  -58804
-3451715
 1861809
 2423451
-3129279
-3615935
-2045286
-2806530
 4897898
 2274908
 3222799
 1950070
-3831345
 1815507
  -51355
-1476821
 3740501
  831389
 3876013
 4851434
  840756
-1544361
 4622642
-1839186
-3389652
-5606619
-4036535
 -733041
-3813549
-4223126
-1706253
  926915
-6777441
 3526950
 4140453
 3751141
 2016507
-3572594
 2069246
  762454
-4322803
 4789244
-1312306
 3274412
 1972428
 6646366
-5222160
  691611
  303160
 1159433
 -300701
 2359472
 1457056
-3953894
 1492894
 -501828
 3023698
 3424735
-3780485
-2791768
 -150144
-2428647
 -863025
-1670879
-2611325
  523844
-1308989
 3202020
 2136862
 2569264
 -665103
 1738342
-3054809
   47939
 3042800
 1034478
 -284379
 1692347
-1129794
 1880118
-3347658
 4978482
-3804262
 2013518
  347065
 4642207
 3120804
-1014034
 4299011
 -724149
 1860251
 4486869
-5680940
 1621596
 -568071
  541135
 2279753
 2057446
-3112227
 6602021
-3117011
  348730
 1463614
  961988
 2213377
-2061636
-1050146
-2171930
 3867848
 5504015
 2744779
 1603771
 -284793
-1226302
 4852847
 1104101
 1062583
  276220
-2689657
 4359681
  603798
  906691
 3229268
-2121041
-3317688
 -892015
 3058303
  751150
-3809249
-4521683
-2422612
-1268574
-1849465
-1126508
-1536742
 -545008
-1905443
 1158838
 -353061
 1381936
  -47168
-4547971
-1247627
 3937986
   -9061
 -232885
 4676904
 3085420
-3389382
 2869801
 3997997
-2145526
 2714953
-2304587
  738199
-1754512
 -574489
-2883934
 1565460
  416607
 2253755
-1987875
 2336781
 2115887
 1876115
 -543321
-3173529
  527551
 3009354
  779679
-3615430
  781446
-1565694
 1126034
-3403746
-3635318
-1267754
-1692335
 -853770
  300303
-2112212
-1087754
-1111404
-1397710
-1262084
 4642701
  155395
 -870466
 -171700
-1817955
-2084886
-2538214
 -726106
  293231
-1984709
  906388
 1681811
 1601869
-4257614
-1502234
-2201711
-1111533
 2480171
-2719141
  814210
  656502
-2714332
 4473410
 1200569
-1639196
 4264620
-2548523
 1346244
-2078214
 1564686
 -406129
 1574425
  461924
 1946106
-1575752
 3447519
-2633361
 5567117
 4834878
-3853977
-5914227
  871321
-1295379
  -28502
  911937
-2260446
-3819492
 1231856
-3170640
-3468486
 3693466
 2509560
-1007155
-1099542
-3050037
 1402007
 4686914
  882298
-3190598
-1879974
 3014025
 -480456
-3074600
 4439375
-4538190
-6830664
-5839607
 7327361
-1701814
 1356842
-1180156
-1054013
  661842
 -510911
-3195445
-6015278
-1475898
 1724008
-5756452
-1701588
-3177367
 6202553
 1933789
 1267008
-2689836
-2237388
-3450508
 4226007
-2417433
 2082670
 1961976
  145623
-1116187
 -517812
-2062372
   28810
-1207090
-3403485
 -949988
-2119194
 3425845
-3273644
-4306757
 2188634
 3980472
  474870
   77412
   -2973
-2226177
  456319
  241733
 5321455
-1859428
 2498472
 -868094
-6032662
-1014368
 3770068
 -210501
-2267094
-4152727
  802145
-2007834
  465261
 1579764
 2804914
-2279333
-1340752
 2627652
 -148022
-4106732
-3640918
-3267196
 4016294
 -811737
 3166926
 -188235
 -337441
 1412656
 1789271
  431584
 -494523
 5814815
-1239641
-3023939
-2507083
  935335
 1655463
  489823
  -64963
-1549186
 3200602
-5113238
-1466784
-2026139
-3016936
 2182942
  704901
-3925732
-3091805
 -914518
 2686883
-2253945
 2185772
 1761485
-1455522
-2435781
-1290785
-3468513
-1083060
 1536154
-1905759
  102014
 4297377
-3867640
 -742451
-3698625
-3133408
  875231
 -521592
 3121361
-1499575
  393482
-3279644
 2649286
-3275115
-1754823
 3530766
  888796
 2430084
  762185
  614021
 3000487
 -778577
 -689195
-1370637
   92982
 1514630
-1217600
  -18609
-1197278
 1328788
 1437354
-1376549
 -206694
 -676447
 2253338
 2114172
-2298818
 1945102
-2372636
-1729515
 5774129
-1382117
 -475424
  485637
 -698520
  166490
-2846587
-3879206
 5322317
-1917440
-1105154
-1959241
-2303402
  875588
 2077095
-1407186
-2827071
 -342149
  715199
-1812114
 2690632
 1569736
-4998363
-1343406
  705083
  529653
 2415566
-2791929
   -7035
 1468626
 2310259
 1307754
 2474749
 -744553
 -615013
 -866393
  496640
 3939777
-2729639
 2369899
 -315510
 -417368
  505284
-1320938
-1103539
-1147413
 3371625
 -543420
 5037398
-1700032
-3172110
-6286422
  -26861
 1910917
 2653986
 2144702
 3462028
 -673787
 3437651
 2102464
 3995175
-2639569
 1080042
 1448570
-2528958
-4918095
 4107351
-4170729
-6406654
  432318
 2990182
  443089
-2334422
 -925662
-4126193
  867119
  240622
 -566698
 1235575
-1798545
 2523100
 6502992
 1954704
 3779868
-1605712
  192691
-4116228
 -383107
  922923
 2202680
  160697
  445002
 -645562
 3111421
 4304010
 3215847
  325352
 -432005
-2622215
 2313910
-4884306
-2145851
-1349586
 3079587
-3843328
   77700
  236743
 3975610
 2508202
  967787
 1289193
 1636819
  910300
-2868764
-3931147
  800558
-1487379
-3289708
  419800
-1822642
-3402047
 3717498
-1850191
  490933
 2273166
  841662
 -905037
 3493875
  327528
 -183099
 3816701
  874699
 -669683
  976650
 -284667
 -394342
 1496746
  594077
-2675799
 1764071
 -804511
 1321185
 2951885
 1121984
  786501
 3303060
 1832730
 -937855
 3431162
 4123645
 -866064
-3540210
-1750534
-1121457
 1394486
 2281952
-3688088
-1822385
-1832888
-2482716
-4043959
 -144936
-2713978
 1472230
  707786
 6411277
 6541551
-1217529
 4390384
 -455238
 3843010
 1861808
 1789605
 2763422
 6135205
 1820957
 2810908
-1581964
-4765464
  518416
 2856909
 3490436
  204988
-1668193
 4217552
 4739136
 1738829
  222875
  965920
-1470029
 3340521
  506281
 1135403
-3675967
  733967
 -991401
-4021614
 2144541
  851286
 -197856
-1548945
 2311592
 3424131
-2751479
 1175034
  -55423
 -922412
  744354
-1243742
  502969
  610570
 -781393
  177716
 2713113
 2913664
-2040420
  136688
-1536282
 -673747
-2667114
  168330
 4199158
-3779035
 1553510
-3359089
 2973140
 3473746
-1160535
-4719116
-1353831
-5499576
-3372389
 -667558
 -474784
-2574429
-4378034
 -173863
 2173304
-1206697
 3263226
-2657310
 -237273
  366155
-2013304
 -198435
 1645354
 5242329
 3293246
-1743571
 1077273
  272660
 3313866
-4176787
 1716328
 -681277
 2105065
-1084310
-1778128
 3574425
-1739790
  506077
-2784075
  897253
 -802647
 2009949
 3345629
 2547165
 -815538
 -581683
 1324496
  832842
  707388
 1698266
 -464827
-1241581
  561720
 5279342
 -988610
 5460823
 3430478
-1185070
-3721058
  535949
-3711695
-5080784
 5504074
-2137970
 2460732
  435432
-1649974
-2457291
 -931685
-3469666
 -333396
-6424484
 2131605
-2587753
  -62599
   86908
  880006
 1915557
 -286170
 2577595
 1505756
 6127798
 -311862
-1581168
 1708934
 1720794
 4477212
 2735576
 1878364
-4768070
-4575686
-4412024
 -609245
-1071237
-2197197
  684894
-1493811
 3151531
 6900848
-2082418
-2294954
 5212851
-4542242
  536744
-3085502
 1477943
-2397770
 3150281
 1275586
 -617456
-1965257
 1573459
-2562876
 -905121
 -388981
-3586586
-1003130
  670306
-3660728
-1154782
 3477161
   83608
-3914512
-1517046
-2024215
 2617114
 5543942
-1002032
 1460675
  719860
 -315886
-3910595
 2098567
 1865478
  -59248
-3306208
-2965682
  799800
-2809488
 1303003
-4071383
 1255170
 1451673
-1190097
  253606
-5625510
 1621627
-2638295
 -976720
-1211730
 1633662
  556516
 3199837
  953133
-2622699
 2606760
 -175074
 -530484
 1804964
-2782477
-7392363
-2487717
 1147365
 3930954
 1823534
-2349958
-2900126
-2485624
-4134945
-2047031
-1371163
-1153431
 -953674
-3852418
  739468
 -561970
 -911869
-3543383
-1133304
 3018385
  543862
-2029736
-2583486
 1431031
 -591485
-2696017
 2272151
 2610204
-1675493
 4048914
-3315768
 7136225
-2820210
  869341
 2978354
 3427555
 5631480
-1988413
-2246472
 -692707
 -729103
   85397
-1584495
-1363438
 -683730
-1936773
 3763635
 1769602
-4391837
  904062
 1002462
-4324953
 6269589
-1451960
 2192405
 5921934
 1591478
 1635077
  -20654
 3003962
 1317217
 1167692
 2859160
 -524048
 3386571
-2470101
 1805285
-1086048
-2695145
 1679583
 1676062
 3995819
 2170519
 1490743
 -899759
  667365
 2607931
  417072
 1258052
  304548
 4681051
 1640257
 -876167
 5712480
 2386472
 -818808
  431451
-1041234
 2200071
 1628052
  617825
 1368631
 -114533
-2944446
 -996079
-2167140
-3740531
  328785
-2282013
-1315246
 3808837
-1517519
 -231939
  177103
 1595172
-3170850
-3405083
  598130
 1012787
-2809064
 3292675
  511116
  106921
 2321303
 -751795
-3349376
 2762373
-4327134
-4881270
 1770127
 1658762
 -773914
  690372
  831847
-2822885
-1233656
-1090265
 -445781
  438113
-1055633
 -826624
 1582727
 2220771
 -602989
-1504617
 1664788
-3492822
 -429661
-1856622
 -217636
-2238757
 1278088
  451261
 3340176
 4740558
 3320503
 3689305
 1151173
  270111
 1379035
 1431051
   80405
 -731854
 2494213
 1555139
 2946248
-3568813
-2762590
 3389747
  824715
  706542
-5345575
 -784310
 -481073
 1740968
-4451922
 4334066
  768973
-4003426
 2095357
-1603955
 4481879
 1713429
 -889923
 1450797
 1284681
 2891997
-2282493
-2679866
 -525163
-3146553
-1980469
 -975171
-3128861
-2155828
-2095515
 2406251
  818587
 2651051
-1381796
-1961476
 4097780
-1382788
 -496676
 1877738
  358877
-1298481
 3156517
 6182166
 4816223
  435293
-3162037
-3654509
 1388253
 1342587
 -677323
-2125673
 -878200
  318351
-2776337
   98354
-1563946
 3347529
 -610799
 1941037
 3003089
 1858142
-1801242
  917263
  274368
-5677071
 -271256
 -424457
 5800711
 1452091
-1952481
-3164561
 4603908
-1009738
  214527
 -864680
-6881208
 2260883
 -805605
 2834515
-3144651
  170986
-4026963
-4653148
 5363585
 3377184
  637409
 2394572
 1531893
   -6311
 -434004
-2324007
-1006911
-2973232
-6162616
 2558414
 2150721
-1777774
-3687201
 1933306
-1147554
-1547834
   -7745
 2107872
-2185531
-2823394
-6916214
 2907860
 2821754
-1783646
 1627283
 2118202
 2904011
-2134896
 -797305
 2254117
  947878
 4096032
-3334020
 1596479
-7424532
 2517378
 2887285
 -251249
 5947341
 2834364
 -472487
-1027292
  575557
-2715006
-1046786
-2986560
 1545767
 2739171
 2750799
 -293644
 6731481
 1894097
 2743939
  539857
-5935731
-1034225
  241968
 2009825
-2585615
 3729528
  565812
 4202916
 5035817
 2272311
 -917226
  857096
 2772693
 2371349
 1037786
 -218391
-7128608
 -152885
 2280645
-1624891
 -168809
-3058073
 -819610
  734386
 3538095
  117520
 -580114
 4996623
-2429703
 1486841
  533811
-1948147
-1543048
-2188291
 1310510
-7732733
-2366858
 3220214
 3537277
  962511
-1201251
  -58510
 -576303
-2266317
 -913458
-1299498
 3809651
 2394360
  430402
-1602689
-2494665
 -819294
 1137418
-2257600
-5249214
-1975362
 -317689
 3432355
  920838
-1396892
-3388977
-2715158
-3330020
 -699360
 5013671
 1308963
-2470479
  320339
 1851776
 5053807
-1387150
 1667758
 2007956
  489821
 -192100
 1479943
  132439
-2667066
  818165
   89522
 3911172
 2838943
-4005829
-1109615
 1943118
-3863946
-2319647
-4113420
 -925101
 -751998
 2743083
-1793547
 5209872
 2741588
 -297886
  304436
 1200134
 -893620
 3065903
 -694835
  451803
-3382762
 4144488
  706473
-2922264
 1304486
-2920224
 2199646
-4689662
  678118
 2514682
-3659229
 2226561
  848839
 2333977
 -130260
-1013698
  792056
-1497814
 2039525
 2789070
-2757028
  209848
 1126274
   -6932
 3020764
  276753
 -685987
-1148333
 5242280
 1449158
  -20464
-2562242
   17121
 3243617
 2733385
   54269
 1387943
  732632
 -775572
-3464384
 -579077
 -445336
 2546363
-2985068
 1441038
-1356298
 -720173
 1285638
-1024916
-2177380
 7142039
 -198265
-3066967
 2985531
  -10126
-2004392
-4455412
  144869
 1109309
 2495117
 -340925
 5212521
 -955207
-1620542
-1190473
-1358032
 2625662
 1922773
  557351
 4088344
 2699098
-1720494
-4718939
 2112194
-1627948
 4872934
 3111669
-2191481
 3266055
 1028907
 3567149
-1694932
 4062484
-5644483
-1629346
  576115
 5093044
-2040017
-1685760
 1709373
 2674567
 -146987
-3390269
    4663
  -84157
-4370362
-3455625
-2316262
 1400486
-4677662
-2721131
 2569205
-1603623
-4614981
 1652350
 3461284
 1188799
  -18272
-7082527
  865255
 2283664
 1826365
 -706507
-2036729
  374639
-2517063
   98581
   66642
 1029358
 2278800
 2262274
-2278482
 1819065
-2995032
-2502580
 3826427
  965241
  946926
 4289900
-3652092
 2416782
  852643
 3213891
-2204121
  -56101
 2228264
 4908611
-3469659
-2088481
 1251485
 -943705
 1995651
-2490563
  924437
 3050329
 3187208
-3892674
  749735
-3205774
 4505488
-1297500
 2797709
 3111700
-3380087
-2469170
 1754326
-1300384
 -695475
-3523625
 2664810
-1193264
-5640965
-1277944
 2081408
-5724453
 2012571
 -102076
-3830561
-1033981
-1863942
-1189473
 2208115
 4257296
-1771081
 1641920
 1360232
-1970893
  256175
 -356598
  890873
 2078999
-3073142
-3128038
-3678642
-1767769
-1540550
 2207309
 2936893
-2099389
  635687
-1342425
 2345241
-2241202
  -49321
    4230
 1194768
-2821501
-2183522
  748344
-3301127
-4517626
 2365682
-5956124
 7760035
 -629891
-4206092
 1057125
 3262080
-1651911
 -176896
 1877957
 -841271
 2976088
-2472802
  659183
-3027519
-3091217
 -741722
 1348625
-1610501
-1330420
 -574285
 -148724
 2914181
 1127580
  369137
 3042523
  352389
 3617543
  572562
 3638610
 1639842
   -8512
 2582759
-1039235
  662797
 1260953
-4336597
-1646093
-2888897
-5076820
  382952
 1098419
  720672
 1837400
 2367930
 2155009
-4067909
 2901175
 2362633
 -662360
 1590248
  211443
 -532671
-1326556
  350710
-2172436
 -711361
 -509923
 -918968
  238080
-2417972
  164145
 4584932
 5249751
 2552206
 -834719
-1422161
-1515064
 2279451
 -512359
  622677
 1907682
-2594904
  358686
-3288331
 3929765
-1998211
  397055
 -638184
-3848397
-1215030
-1145883
 2819753
-1071044
 1877385
 2877290
  541507
-1026218
 3217358
  641142
 -792547
-3373412
-1516070
-5424302
 -878348
 1595374
  317966
 1504122
  927951
 4461949
 4475442
-2586376
 4673012
   96425
  520674
 3998869
 3525101
-5153184
-4219277
 1527266
-3167135
 2457677
 2473108
-2222686
-4184843
 3849325
-1473342
 2103250
-2867266
 1031875
  196837
-4364457
 2625258
-4448666
 1070901
-1296808
 2223548
 1040338
-1224958
-1948636
 1286936
  722891
 2373082
 -161578
 -575799
-1253233
 -313978
-1122568
  186565
  124822
-1582621
-2220116
 2433535
-3954293
 1241216
-1026957
 1788546
  732915
-1748497
 3587121
   -4837
 3510971
-1380028
 -422875
 3120372
  906981
-1401343
-3890387
 1847731
  340650
 2817759
-4336429
-2404166
-1399339
-7160126
 1154580
 4022915
-1773583
 3453028
 1962234
-5471430
 2249055
-3716270
 4499647
-3810427
 1586007
 1194221
-3279152
-1246001
 5676619
 1725770
 4794894
 1728722
  268887
 3764710
 3671388
  797556
 3762443
-1346822
 -755709
-3589165
 3126882
  634581
 -222680
-2916087
  -45250
-2344767
 3111108
 3301665
 -593947
-3799362
  692586
 3067134
  141433
-3614820
 2129729
-2058708
 1174014
 -547979
  590944
 3963316
 1018458
 -665170
 2687600
 -749518
 1158417
-2053269
   -5595
-1362923
  382178
-4015103
-1884095
-3047349
 4877378
 1326718
   99790
 1986934
  100452
 3132674
 1945506
 4798636
 1607196
-1010187
  565422
-2373421
 2904562
 1293080
-1294734
  901309
 -479601
 1623979
 1844342
 -318821
 -763874
 1044868
-1767451
 3391389
-6795754
  538504
-1999404
-1497595
 1587014
 -792957
-3454863
  472197
-1680607
-4644222
-2054458
  185647
 2119440
-1119727
  590910
 1659305
-4253861
 2448005
 1815752
-2631344
-2565262
  215599
-1620550
 -883768
 1900062
  202066
 -405511
-3123571
-1394884
-2183247
 1209185
-2854375
 2149307
-4924355
  254815
-2012852
 1793321
 4411470
  495931
-2603618
 -671044
  302528
  717907
 1077250
 2743146
-2036572
-4412700
-1924780
 -390940
 -413840
 4905909
 1636329
-3224991
 -648777
-2400870
 1707585
  -62410
 3273538
  874358
-1569242
-5953923
 3309186
  963623
 2763519
 -776136
-1839462
 3052710
-4201267
  393569
-1501878
-1415688
 1818189
 2818483
  870912
-1559707
 -166276
  771826
 1604789
 1208227
-1861938
 4413634
-2086493
 2081715
 -305952
-2491028
-3367897
  225678
-1386716
 3530201
-4853761
-2597938
 2125860
  503122
 3000135
-1625841
  459103
 1359673
 2627019
   35676
 1135867
-1350557
 1424800
 -902848
-2071119
 -263406
-3273986
 5084554
 3426293
 1571314
 1726363
 1693412
  465207
 2181451
-1993473
 1630141
 2108294
 7304764
 -316686
-2039681
 2544933
-2136641
 1726939
 -269494
-1547996
 -474968
  268004
-2995484
-1290295
  538160
 4717621
-4324125
  893922
 1253159
 3437810
 -904484
-3609528
 5523192
 -775280
-1710613
-2332666
-3981924
 -230068
 -145512
-3634989
 1233672
 5739123
 -959983
   29836
 1190378
-1481070
  975215
 -362878
  975367
-3220624
 2835283
-1550738
 -466945
-3775377
 2507874
 3254365
 1368505
 5665991
-3778513
-1941649
 2392588
-2474152
-3330064
-1960327
 2181811
 1231866
-2253412
 1758924
-2967139
 3054434
 2703498
 -948102
-5223972
  331131
-6885318
-1111749
 -119335
  302906
 5440124
-3753230
-6506088
-8388607
 3165221
 1603027
 1661892
-1779921
-1231532
-1184818
 -116063
 -302414
 2249395
-3864626
 5086008
-1783948
 3088472
 1608816
 -826911
 4438549
  363185
  159717
-3579134
-3709548
 2503751
-2360393
 -714089
 -254257
-2436219
-5152278
 1232473
 -359090
-3215498
  657409
 -956221
 3876726
-2807672
 3585776
-1944377
 1394058
-1971768
-4176588
 1171519
-1587656
  970757
-2835972
 2346390
 2062100
  536684
-1943016
-1330912
 6896898
-6492630
 1208660
  123507
 2845031
 -465863
  404324
-2300571
-1587312
 2187188
 5286589
 3206583
 2518176
-4022399
 2889009
  -70819
 1501738
 3152219
  215137
 1673659
 -599142
  306605
 2130144
-2337469
   44849
  422479
 -865359
 2502961
 -693683
 -854663
-1055037
-3204370
-1164953
-2433379
-1766747
-3828679
  695303
 3337267
 5956291
  610380
-2255451
 2135384
-1298795
 1569584
 4420063
  815162
  242850
 1859789
  833212
 2957063
-2179033
 -627841
 6027691
-2257882
-5012027
-4338020
-1030344
 -833506
  958815
-1214227
-2012959
 -189114
 -855533
 3926300
  420770
-1028947
 3181348
-2233170
-3072222
-1339734
-2876318
  318188
  961138
  694243
-2445356
-2919531
 -236394
-1705051
-4580508
 2925983
  162937
 -279243
 5477020
 1816980
-1112852
-2276866
 3244202
 -607082
-1862173
-3586525
 3936363
  358236
 -802779
 -225958
 1351082
 3909064
 -707401
-3351279
-4438253
 -549863
 -451129
-1709608
-1315667
 3821316
-3871929
 1757688
-4697843
 3992712
   73010
-1241170
 1501705
-2928776
-2065962
 -748651
 1625722
-3773269
-4288292
-1145642
 -390457
-2780550
 -583418
-3721904
 4088018
 4085470
 4317317
-2044721
 -918136
-5245501
-4093327
-1366414
-3118915
 1889252
 3803815
-3987728
 -862669
   63693
-2342481
-5086118
 -269906
 2505087
-2923637
 -367217
 3396124
-3375970
-6556079
-1753998
  163558
-2246913
 1689229
-5811026
-1370153
  713608
-1418557
 -630651
-5893146
  802451
 -687542
-7678383
 1873297
-4202588
  -89835
 -373104
 2258887
 1578814
-1679785
 6882159
-2409958
-1425547
 2076147
-3419884
 5153440
 1331987
  -62327
 -661085
 2109074
-1101695
  880558
-3507209
  485518
   73739
  129416
 2802502
-2086293
-1205534
 1401227
  249701
 3649353
 6892647
 -886701
 1763512
 2757683
 2851451
 2513109
 1704139
  742376
 2761914
  333435
-2390079
-1164913
   49262
  174157
 3362271
-2800645
 1582747
  192677
  717110
 -177664
-6364265
-3217240
  499411
-4232633
-2751587
 1921184
  483724
 2848736
 -990145
 1155990
-1055182
 1949159
  738010
 2282309
 -334024
 -622073
 -251118
 3447230
  719474
-1651655
 3499681
  653595
  959465
-2431448
   22748
-3531113
 -536807
-3305259
-2300741
-5186688
  730748
-1577634
 4029171
 3816940
 -609642
-3007775
-1318286
  861539
 1623381
 1535487
-3224432
-1158693
 1129559
-4834660
 4292587
 1314149
 -474553
 1031642
 1472129
 2108838
 2507928
 1459477
-1554273
-2125527
 -558241
-2471127
-1033554
-1432649
  805534
-2381752
 3372964
 3297492
 -496890
 2539970
 -971864
 -358830
 3400523
-3681783
 -636297
 1089193
 3649059
-3321341
-2973163
 1892437
-1806057
-4077838
  959418
 2175263
  551619
-2150470
 -263022
-4429079
 2370602
 4068491
-1286452
 4417925
-2241403
 -854902
 2474958
 3384871
-1986175
 2217694
-1064983
 1585023
-1561830
-2085943
  263476
-1254639
 2726916
  897677
 1739590
 1689936
 1263289
-1571711
-1454998
-2004048
-3617422
 1473836
 3811853
-1028471
  498021
 1092287
-5135486
-5049622
-2021539
  516967
   86493
 1157334
  227095
-1130366
-1173168
-3414900
-2341424
 1575942
 2743313
  456684
-3490770
 2279718
 -264288
-2772955
 1366447
  321595
-1086269
 3006843
 3925039
 3796583
 4125975
-1666933
 1157770
 3089548
-3494451
-1431193
 -237455
 -960615
-1336447
-4940208
-4896213
-5668939
 1249075
 -934501
  161127
 3349193
 2712082
 1972717
-2707998
 2214129
-7477715
 3239601
 2042788
-2373249
 2292729
 -548795
 -340404
 -667988
 2319604
 -337001
   73699
-2866798
-2459813
-2091113
 -810997
 -971288
-2072921
-1536629
  134568
 -133647
-1263991
 -583807
 -484463
-3747433
 -496446
-1587564
-3773561
  246463
 -967195
 -774250
 3965200
  508934
-1570127
  397758
 -840398
 -503249
-2104567
 3020671
 -755818
 -634761
 2993581
 -442563
 2400796
-2411962
 2497195
 2923773
 2079436
 -654180
 -536695
-2453990
 -152272
 1858547
 2161947
 -417949
  113987
-1854127
-1477631
 1137212
 -134749
 2287299
 2938267
-4437583
 3294600
 -972958
 4767419
 -389785
 7058492
-1940702
 3194236
-2593467
-1293542
 -382444
 3761691
-3209032
  690425
 -268405
-2507122
 2051505
-3500651
 2372334
  177262
 3366994
 -958790
 2763288
-2004483
-1108326
  397541
-3066291
 -105617
-3579278
-3909966
-1845513
-2686676
 2665361
-3415407
 1481594
-1318847
 2833578
  134772
-3886339
 3734297
 2443089
 1767720
 5889868
 1456564
 -909276
  940961
 4639895
 2786241
 -106865
-7173722
-1667456
 3397887
  473180
 6396122
  795179
 2620258
 5510972
 1502153
 -378822
-2843283
 5416076
  -28211
 3563902
 1233168
 -294587
 3996886
 2397321
 1465012
  113722
 1891978
-3953131
 2901154
-2610064
-3092349
-1042854
-4710453
-2464006
 -371628
-1749267
-1400418
  122658
 1980581
 3814992
 -152508
  795822
 3551658
  868860
  662078
 2538435
-3598245
  835227
  922755
 -222373
 1569393
 1276069
-2732349
 -926791
 1984495
-2228774
-1802390
-2919452
-4810183
 2136755
 1835435
 -248941
 1361397
 1904102
 2020782
-5339659
  -82380
 1681538
 2036075
-1340431
  846814
 1327439
 1827012
-7027940
 2388628
 -865456
 1934028
  559630
 -531594
-1224218
 1480355
-1534704
 -760942
 2758144
 -559114
-2087026
-1908164
-2175221
-1824298
  609414
  717448
 2729310
-2737179
-6088641
-1176567
 1188607
 2392938
-2246356
-1571957
 1980065
  667333
 -259499
  500555
  861549
 -376631
-2524552
-1331467
-1077816
-1563756
-1101215
  983049
  900440
-1556174
  713377
 -408847
 2103924
 -166152
-1848087
 1470271
-4215231
 4267176
 -686094
-2287914
-3062948
 2650274
  160254
-2200777
   79607
 1183497
 5853383
 3830453
-2113529
  -95111
 4027028
-4187811
 3921049
-1637100
 5215163
  223722
  763377
 -206641
-1601506
-3352425
 -570171
  641540
-1909384
 1190974
 1033009
-3464389
  446361
 1428084
 1651307
-2332702
-1950648
-2735751
  499484
 4693469
 2934940
 1127238
 1167272
-1207590
 1019596
 4538382
 6715908
 3284481
-2086755
  776402
  962735
  -11335
  140107
 2543082
-1430553
-3155959
 3065910
-2263590
 1631707
 2011193
 -179727
 -761039
-2212261
-3773934
  979147
  779755
-2487263
 -760645
-1077868
  513733
 -241371
 5921284
 1668724
  497068
   48218
 2762777
 -749059
  127025
 -925462
 -859071
-2675825
 -333328
 -268098
 2218063
  -87102
  325341
 4403597
 1703208
 1536943
-4468997
-2994770
-3359260
 6598083
-3387399
  187262
 2799942
 -779407
   22725
-1184689
 2336547
-1300626
-2999486
-2378569
 2011093
  593210
 2606561
 -741383
 1404798
 1958065
  617583
 -347390
 1403979
-1249116
 3090118
-2610683
-2030573
 2803215
 4692423
 -318723
-4562007
 2299150
-1564461
 3907609
  594396
-2481462
  938871
-2948328
 -408792
 -578137
  299425
-4153314
 -807978
 7514634
-1629755
-2556203
  351128
  102691
 2872103
-1471550
 -309387
 2892810
-5288545
-1608630
 3093808
-2952813
 -131533
 2051764
-1936508
  607063
 2911793
-3514278
 1131988
  394939
 3617281
 -271989
-4547900
 -899493
-4005405
  236609
   -2565
 2601241
-1118172
 -613345
  715728
  592682
 2670516
-4801114
-1659534
-1635985
 2832512
-2657241
  426525
  329651
 3042024
 -436096
 -466161
 -795100
  752298
-1708799
 1339305
-3224397
 2055461
 2260111
-1674624
  398865
 -876931
 1572604
-2117796
-2148723
 3362974
  785379
-2729243
-2556421
 4183403
-3764075
 1814929
-2974460
-2273854
 -412509
  726412
 3699620
-1864228
  409380
  187555
 -947749
 4147138
 1531524
-2893268
-1178065
 -748127
 1665077
 1392269
 1542272
  959762
-2403490
 2397711
 4412693
 3442732
-1448995
-2883818
 2020021
  752121
 2029311
-1429139
  -72299
  550913
-4057796
 3655514
 2746727
 1216734
 1611984
 1402422
 -868837
-3753813
 -102546
  767068
-4415686
 3880652
-4546496
 -410065
 -539373
 2851975
-4253751
 -859801
-4359229
 1976477
 1497402
 4732249
-2263969
-1867910
 -563282
-3044511
-2453615
-2825543
 1216277
-1073181
-2902715
-4348482
-3945312
   42161
 1427405
 1422510
  391555
 2810166
 1417165
-4211365
-6585755
 3149282
 1330360
-1882834
 1926889
-1522123
  246851
 3100288
 2818840
 -403172
-1915176
 -506458
-6821416
 3478954
  538717
 1756498
-1010911
 -207282
   90512
-2840882
-1531734
 5364455
  428374
-3269006
  554795
 -300106
 2017265
 1527632
 -602222
-2678299
-2176692
-1012200
 4427795
-6333894
 -164575
 2107688
 3659145
  348622
-2611723
-4524000
 -544766
 -793546
 -862113
 4073380
  113005
 -358380
 -157804
  393273
 -444458
 2110770
 2692881
 2436003
 -730848
  800827
-1777838
 1488326
 2338225
  547335
 -770520
-1673218
  549530
-1731093
-3891738
  -57503
  -59706
  720755
  709646
  363310
 1864724
 1533888
 1244304
-1431790
-3703429
 1894939
 -420652
  956923
  628410
-3705615
 2192289
-2313117
-3540727
 2048189
 6358968
 1573730
-1423594
-1279996
 -772137
-4291140
-3575318
 1776488
-2077411
 -324551
 1805981
 1389874
 2825574
-3437082
 -386115
 2888153
  759955
 2749875
 1835579
-3275743
 3407787
-2662905
 3145501
-1720608
-3071897
-3444701
  589483
 -522249
 3602886
-1302058
 2291391
  317317
 1308719
 -703217
 2901783
  629746
-4168745
-3044818
 -167954
  814594
 3967998
-1713965
-1672723
-4220465
 1277784
-2486105
  251800
 -668163
 2527513
 -959059
-1319912
  -60012
-1703507
 1717614
 -980110
-3711615
-1099538
 2672093
-2948957
 2939340
 2736193
 1056623
-1333726
-5756908
-2200294
-1777135
 -244067
-2897436
-1264116
 3977280
-1651808
 2883088
 -420233
-1425159
-3044412
 3095173
  167639
 -140364
   41676
 1711653
-1191186
-2132128
 1481102
 5916861
-4949286
-3991163
 2610413
-2533295
-1823057
 1868137
-1649554
  729646
-3036207
  984693
 1694567
 1219053
 3326168
 2827355
-1341958
 3673437
-1060421
  502778
 1675884
-3079671
-1933109
 -372144
  729503
 5271903
 1941861
-3833696
  338974
-1132891
 1538296
 4461569
 4618241
 5169245
   45604
   90109
-3261660
 -234594
 3282181
 1881055
-3505363
 -170718
 -384476
-3410687
-1712550
 1909995
 1809719
  -91592
 2450064
 1428497
 3161630
-3409129
 1064267
-1157437
-2113428
 1070879
 2559601
 -770882
   80883
-1284217
  261527
-1509089
  799508
-2903164
-4222761
 1232560
  883531
-1603581
-1329544
  587273
-1746972
  747401
 -301833
-1579239
 1866177
  909175
 4333110
 4522599
  511477
  231662
 -963907
-2601535
-2708030
-3465295
 1592764
 1311684
 2821068
    8763
  877632
  685809
  298754
  617785
-1277350
-2318752
-1962497
-2325318
-1876204
  536268
-4357800
 4441362
 -715338
-2550537
-2994461
 1739362
  389270
 -920428
-3689558
-1166507
-2297102
-2736671
 -146013
-1756668
-3404730
 1104582
-2900743
-1267028
 3045819
-1893580
 5604827
-1095056
-3272713
 2676936
 6432203
-2155599
 2931817
 1824058
 1369421
 2861498
 2003430
-2954920
-1887779
 2171290
 5223685
 1642691
 -910212
 1352935
-2786754
  887779
-3351593
 3992937
  383020
-1286308
-7482369
-2092933
-2317667
 1111752
 -449909
  730090
 2948776
 -264896
 1835039
-1550839
 2485308
 -122815
 3223340
 3291045
-6545793
 -299056
 2709782
 5258394
-1325045
 3033877
-5028287
  892455
-4285204
-2198717
  412373
 1328968
 -646907
-1616941
 -429705
  562108
 3362232
-3471892
 2147469
 4424669
 1428396
  174795
-7549037
 1097239
 1748796
-4311677
 1668838
 2624006
-2187161
 1981219
  764967
-2380076
  671270
-1884858
  899490
 2193931
 -332581
-1134449
-2248309
 2029366
-2496220
 1325395
  513187
-1271480
 -306346
-2779307
  309403
-5282105
 4975238
-4292578
-3154652
  647681
-3520473
  827223
-2133484
 -453406
 1916851
 3269206
-3377147
  125882
 3427150
 1588313
 3606832
  950233
-3361924
-2064954
-1515561
  483654
 2060330
  997321
-5649399
 3484592
  715471
-3199596
 -282742
  382236
 5446096
   79564
  186966
   52407
 -427700
 1195687
  499565
 2073017
-1435287
-3680639
-2570797
 1656346
 1979239
  803736
-1104297
 -154548
 -361515
 -589484
 3414558
-4041953
-2102269
-4110500
 3265466
 3221195
 -167144
-2055777
 5529812
-3931270
-2639527
 5361391
-1952328
   13063
  517595
   21365
 -927327
 5570754
-2339456
 2025765
-1259853
-1919755
  387107
 -618966
-1239986
-5501236
 -761774
 5753577
 3160106
-2409720
  515641
 2967452
-1285429
-2469143
 4333854
 1709633
 1271797
 -600613
  693871
  -80025
 -855750
 4294516
  -16109
-2891777
 1632659
   66289
-3895333
-1863549
 2592543
  967568
  791268
-3603283
 3109569
-3162055
 1126386
 1038876
 -966170
 -490104
 2954476
-1131061
-3159890
 -847107
 1817302
 -797606
  602113
 -765996
 -218715
    1670
 2674572
  168688
 2378644
-1176487
 -176849
 -546754
 3699303
-2944253
 1514701
-4302278
-1115003
-1052145
  876868
 -905760
-3251401
  -44638
 4810876
  609860
 -634758
  372457
 -928059
 -523927
 2657976
-1281827
-1245987
  636232
 -802316
-2155000
-5110522
-4083816
 1357247
  790614
 3510765
-2127576
 -629221
 -272876
 -357312
 -682055
 -611826
 -805542
 2436070
  812260
-3733219
-4000392
   12386
-1091675
 1524845
-1339914
   19530
   95585
 -212200
 5201915
-1487596
 1448092
  478975
 -879192
  565765
-2861159
 -444834
 2515114
 4911393
 3887395
 4292267
  260509
 1384206
-2167418
  862124
 -101275
   51150
   22871
 1308253
-3520825
-2892988
 1367756
 1048559
 -550390
 1944440
 -549702
 5566277
 1809965
 1043022
 1968379
-1554911
   23399
-1553905
-2422418
-2002445
-2764502
-1442457
  465405
  224561
 -920970
  834808
 -925186
 -152801
  503925
  890837
-1337364
 -384223
 1403061
-1582061
 -219900
 1235262
 -693502
  874441
-1775864
 1615027
-4044214
 2030745
 -416169
 2150085
-4820166
 1439081
  990446
  742277
-1828168
 1301748
-2177403
 2078683
 1386212
 2054030
 1553193
 4184411
-3368851
 1707149
  341080
 1904169
 1395339
-3057631
 2461459
 2421891
 1595583
 1301768
  178600
  488534
-5406106
-1017067
  779400
  598492
 1243196
-1672743
-4382784
 3662313
 2767345
 2458860
 -942685
  370709
 1334254
 1231123
 -147205
 -849612
 1565441
-2745727
-1365227
 -839141
 2835916
 1161012
 1182000
   51783
 -354796
-3270807
 1301715
 -584229
  686140
 2243118
-4465088
 1336876
 4195833
 5008389
 3889502
 4524674
-4226226
-2137478
 2555451
 1502566
-1759002
  514024
 1938163
 -392471
  915768
 1476820
-2298419
  519490
-1958194
 -198664
-1225457
-3787737
 -503764
  779791
  285964
 3548829
-5054193
 -257658
 1622149
-2993388
-5505277
  693097
  768637
 -475668
 -596032
 1646472
-1757397
 -601846
-4711618
 1062029
 2115408
 1504921
-1405775
 4095132
 -137479
-6162005
 -660765
-4416010
  284052
 2332936
 3412421
  651934
-1107545
-2568183
 2048787
-3025052
-1351458
  721957
-1261890
 2059293
-4178088
 2196795
  477725
 -197864
 3476315
 1743668
  465247
  890064
  518362
 -721351
-1466011
 1047091
 1408431
 1432937
-1064172
-1100693
 -713539
   21198
 2253944
-2683502
-2079698
 3102832
 4437301
-1535711
 -550465
-3232969
-1357535
 1096574
   -6419
-1820608
-3023956
-3990721
  119128
 3793430
  212339
 -546303
-2558597
 2247721
 1106913
-1129884
-1853466
-4016410
-1234276
 -681999
 -114118
 2202672
  291541
 -595192
-4438033
 -313896
 1376381
  -43007
 3685042
  528053
-2085726
 4380247
-2916299
-1139759
  212913
 1828575
 2688185
 1118899
   70415
-2724403
-1895360
 2319674
  161775
-1646016
-2532257
  800064
-2989549
 1758987
 1802459
 -306436
 3419725
  170128
-1172315
 1909300
-3712163
 1048322
-5822528
 2585151
 2441723
-3258929
-2698849
 2206063
 -129958
 5326182
  837774
 1314467
 2018905
 2386679
-1603631
 1717319
 1269180
 1106392
 1996630
 -603639
  -27708
-1730379
 4168051
-3943404
 2035289
 3159212
 1726675
  769466
  383990
-1909953
 1310817
 1104663
  595176
-2753738
  557460
-4197434
 4496966
 3926983
 -949106
 6926814
 -744622
  985077
  772223
-5000901
  208780
 4625768
 -598359
-3346774
-2200576
  -53691
 -782965
  985057
  617273
   67586
  603683
-2778288
 4099491
 3506736
 5914619
 1524463
-4014571
 -112276
 1675344
 -529783
 3331981
 -945626
 2009487
 1253237
-2445044
-2719832
 1151569
 2461860
-2910785
 -113031
-1429722
 1632769
 1775688
  554731
  878563
-3769004
 2940109
 4433704
 -838506
-1638078
  581788
 3187622
-1654392
 1105292
 -310743
  871474
  -81318
  923101
-4804255
-2678942
 2406638
 1321934
-2310129
-1845293
 1921222
-1086086
  190630
-4968180
 -590597
-1370390
-1522478
 2634396
-5596340
  500074
  251143
 5358149
 1739034
 1126740
-4789161
 1428081
 2189794
 -884060
   73308
 2163792
 2706198
 1246440
-2696199
  339604
 4439900
 3709599
  380730
-1338934
  238055
 2524155
 2868693
 2110391
  214147
-5483356
 -296493
-1346907
-2460967
-1897414
  -49545
-1968383
 1446101
 3399012
 1564061
-3068418
 -403729
 2330324
  696995
 3449748
  743542
 -144942
 2448753
 2354534
 -598162
-1685975
-3004483
-2361458
 2054081
 2366262
 5522172
 2026747
-2444743
  237702
 3975391
 5156786
 3317286
   32491
-3313858
 1398688
 2613183
  523517
-1872019
 2512618
 3083654
-1988638
 1232818
 1613866
 1020434
  104157
-1630017
  834253
 1595950
 -265332
 -907893
-2148614
-3025157
  911492
-1447428
-3384413
  828771
-1264520
 3879334
  604930
  -50569
-2085853
  390444
  132675
-2942549
 1024025
 3488929
 -584556
-1153641
-2141547
 1842042
-1183299
  368488
  327830
 1070099
-2426735
 -571315
  155559
 -395430
 4965364
-1834160
 1136280
 -891443
-2696159
-1264643
  234874
 1587750
 2149986
-3257014
 2886320
-5393856
  871371
 -180525
 1392846
 1462530
 1151695
-4756786
  965300
 4969647
-1821805
 2360198
 2766997
  850625
-2590153
 1367511
 1672074
-1479969
-2648080
    9805
-2117491
  945306
 2633262
  949911
  489615
 1106542
 1055675
-4752511
-5456200
  231534
 -596525
 1891683
 3659735
-3440465
 -186142
 3066460
-3917542
  863868
 -174780
-2738685
-1938535
-1274204
  426010
 -509010
-3577338
-1531575
  876888
 -407345
  215243
-1722589
-2848792
-3060666
  609709
-2293050
 -322936
-1477764
  377305
 4238697
-4709771
  383849
 1531886
 1658657
 2619164
-6726533
 3093120
 -569117
 -368334
 1249153
-4049584
    3775
-2241857
  911094
 1385746
-1640985
 -704418
-3117677
-3396563
  751065
 1859303
 2581560
 1530625
-1358893
 -761548
-2885762
 -770634
  -55834
 1025456
-1738866
-1656387
 -547236
 4908752
 3236501
 -837304
-3663267
-2041394
 1937840
  -94383
-1678232
 -207397
  -88463
-3890432
-5527326
-1388723
-1689780
 3521073
-1092317
 1374435
 -797207
-1343677
-6089036
 1330755
 2753112
-3497210
  761802
 -963233
  204052
 2161115
 -849042
 -226770
 2553052
 1577174
 2095062
 4157225
 -253561
-1130989
 3491001
-2696260
 2915992
 1588125
 -673203
-4343042
-4425898
  166195
-1469998
 4009698
  683263
-2191152
 3436252
 1500890
-2332518
-1342440
-2205009
 3923466
  560266
  791076
  703749
-2070511
 -862406
-1817230
  894802
 2306125
 4333527
-2434475
 1411855
 1058370
  245286
-1180786
 -679378
-1756081
 -668505
 3555059
-1212016
 1875992
 2175333
  137114
 2369957
 1590379
 -757693
  552735
-1104397
 3754611
 2628821
 1327741
 3875638
-2348365
 -662565
-1470093
-2870344
 1024421
 2476351
-2320076
-2350067
 3705265
  515614
-2264909
 2687228
-1417742
-3757713
 -972953
  772464
 -851520
-4446135
 2859499
-3558385
-2367636
 2944744
 4780594
 1734814
-2411585
-1361862
-1355917
-1573247
 -792100
  605306
 3280953
  668546
-2153789
 -349781
 -701864
 -722940
  372719
-2074648
-1143687
-1956050
 2321196
 -950967
 1876101
-3916305
 3618307
  177807
  -94978
-1426148
  450130
 2124285
 -621093
 1830563
  370864
-2928025
  828845
 -401064
 2312688
 4474700
  353727
 6389978
 -796494
 2084422
  -56130
-3672155
 8188516
 1268005
-4928572
  841709
 1650942
-2045608
-1695997
 -614509
-1571463
  927171
-3636551
-1920406
 1617389
-2616994
-1600693
 3306722
 4514217
 1380846
   39886
 1504995
 -340033
 -901876
 1229350
 1003846
  988468
  835401
-3234347
  503181
 -781617
 -960953
 1118810
 3311916
 2861380
 7023298
 -119059
  812892
  578871
 -865526
-2369440
-2569470
-3888216
  573777
  360312
-1719534
 3714518
 2361272
-1056807
-3546220
  732593
  399727
-3423107
 -773006
 -529108
 1591153
   58269
-2079998
 1827757
  423362
 2943416
  356727
 4012669
-4089602
-3077751
 -881911
 2266745
 -534458
  -95326
 1942323
 3074793
 -136514
 -652070
 1611858
-1651441
-1651080
   11628
  103426
  202549
 1427912
  933399
 1794158
 -548051
-1612315
 1547141
-1638835
-4952538
 -498732
-2336657
  956295
-1148678
 2779512
 -431596
 1558175
  -92717
-2453376
-1021751
  485304
 -218530
 1275818
 -128963
  726082
-3707650
 4190013
  247795
-4981407
-3310061
-4253112
-3350250
 5647874
  501907
 3487504
-1473964
 1823540
-2628454
  657150
-4017286
-4209558
 2696213
-2102932
 1193170
-1599461
  331333
-1492391
-2570999
-3322157
 3957373
 4011327
 2325481
-1585132
  477908
-3729025
-1631169
 2577623
-2857400
-1736258
 2942723
 4126273
-6369907
 1428396
  962021
 1517508
 -232399
 2334075
-2232975
-1332992
-3514530
 -667043
 1201164
 -487955
 1064299
  193252
  442092
-2785616
-4356825
-2218096
   81558
 -725098
  184455
 4121897
-1804316
 -608271
 -160667
-1379517
-6594696
-1081237
-2465210
 2915838
 2236013
  978228
 -535086
-1373474
-2693229
  603055
 1095064
-1434128
-2458068
-5261598
  718671
 2745473
 1373474
 2438277
 3466719
 -698260
 2347446
 -787944
 1207019
 -335144
 2908973
-5612199
-1697824
-1803414
 -982875
-4036263
-4807823
-1010276
 2544902
 -379530
-1392237
-1847808
 -100178
 2188713
-2282730
 2562221
-2751532
-4547237
 -134525
 -407087
-1139102
-1988327
 3179692
 1825718
 4765957
-2599514
-1188891
 4202766
 2024517
  146616
-2747509
-1009682
 -306292
  458769
 -308909
 7623957
-3403025
-2031206
 5071905
 -216975
-4262475
 -843323
 2352720
-1526470
-2139657
-1835840
 -979360
-5772098
 5508052
 1133060
-1150896
  740468
 1931202
  856319
 1895767
-2885057
 3911764
-1208843
-1315652
 -569029
 3065718
 -496148
 4848037
 3073373
 3124052
 -955921
  108559
-3173747
-1394837
   37385
   84765
 -433871
 1576532
 -677961
 -134167
 1174237
 -398920
-5117071
 2794628
  246880
  116605
 2208422
-1699730
 -649243
-1047121
  955940
-3131414
-1951096
 1050662
-4015113
 2102913
 1014522
-2803445
 1054152
-2325495
-1813124
 1208495
 6218396
  -76587
 2509725
  502938
  -71118
-2167259
 -723718
-1280337
 -743119
-1338073
-1230488
 3118637
  403202
-2433211
 -109193
 -491659
 4060879
 -502614
 2027047
-1190683
 1534608
 2244898
  160867
-4230875
-1172044
-4197038
 -874101
 2401758
 -448536
 3929815
 7031241
-1536605
  970901
-1044626
 1790729
 1514578
-1290633
 -894422
 1763264
  423599
-1749508
  -18838
  155804
-2160598
 1975748
  475400
  756331
 3462496
-2431989
 4969415
-2115489
 1397444
-2623897
 -801086
 2517132
-1148024
 -476690
-1303807
  780698
 -462117
 2097156
 -691082
  341092
 3973972
 2778858
 2909860
 1512384
 -665067
 1668308
-3171720
 1232478
  261466
 3753744
 3046770
 -849996
 1032673
 -692000
 2388519
 -864296
 2971978
  460407
 2568728
 -857325
-1607321
-3601965
-2774542
 -438609
-2005211
 1912734
-5940314
 1839475
 2800653
-2078719
  855387
 1058682
  415342
-3426633
-1518365
 3173640
  227584
-2783183
 -249103
-3342289
-3335326
-2298856
  307221
-1885099
  814661
-1924327
   16294
-4947292
-1398528
 1950394
   45336
 4348055
-1892889
-3776952
 -198657
 -669259
 -264173
-2451366
 2043640
-1790539
  779145
-1638584
-3859147
 2613216
 1050904
 -822427
 4779311
 3324322
 -651577
-3393880
-4365679
 4230179
 -648983
   28166
 1911942
-3264958
-3011933
 5852600
-1422891
 -958844
 1087618
 -694392
-1135725
  794358
-2483375
-1485959
-1175709
  134017
-3118533
 -706585
-3260835
 -668501
 1857980
 2693100
 -963042
-4390852
  296658
 2735910
  -46936
 1899033
 4805000
 2816676
  932625
 -716959
 1666275
 -509844
-2975755
-1069663
 2927515
 -609932
 -273777
 1868344
-4317193
 1468698
 2656949
 -270976
-3764707
  511421
 -979198
 -526494
   95348
 1322213
 1488763
 2669621
-1473583
-1481610
  197469
 3309494
  805053
 2379775
 6615794
  731392
-2241812
 -417982
  409049
  676712
-6979662
   46446
 -375577
 2979829
-2587855
 -634614
-2801636
   63645
 1876369
  -19754
 -124859
  553066
 -100129
 2865294
-2971274
 1549014
 -709815
 2750484
   66440
 3901318
-2610674
  225765
 -620252
-1217288
 -675093
 1335605
 1390406
  686646
-2707921
  549649
 -452023
  944630
  708895
 -575961
 1276381
 2897076
-2413533
-3196455
  448226
 2443080
 -472037
   68363
-1820421
-1762347
-1891240
 1242033
-2608444
  727147
 3032481
 1528732
-5623270
-3108762
-3283265
  647127
-3528991
-1350571
 -945509
 -195846
 -757547
  752024
 -618577
 1479663
-2702111
 2486590
-4661929
 2302247
-4548470
 2632638
 1684125
 2551530
 -744385
-1977375
  564601
 4520147
  324769
 1598880
 1482535
 -505795
  261237
 -632917
 5447691
  749101
-1966966
-4847521
 2158900
 1513756
-3359228
 1655549
 2914725
-3682363
  155677
 -243993
  784951
-1415225
 1499952
 2146655
-5566801
  867981
 1978494
 -607644
   80285
-3740970
-2312922
-2976935
  679458
-6171602
-1048032
  779307
 1792608
 2200602
-2602444
 3194931
 -140004
-3700381
  434908
 2113344
-3440508
-2712170
 2039598
   58705
 -995845
 1229141
 2079894
-2984192
 -414457
  936780
  544731
 -293423
 1018392
-2857006
-1042743
  357951
   73704
 2441171
 4636737
-3168649
 3243052
 4827227
-1679339
  653532
 -472826
 1619276
 4150606
 -237405
-2174670
 -994997
-2814757
 3167666
-2444001
 1100287
-2505476
 3120312
  695792
 -847071
-1981674
   15634
 2286177
 2697926
-1384956
-2369023
 -334030
-4809853
-1071253
  516848
  -21273
-1110236
-1876760
 1972669
 3478702
-2617171
-2367240
-1550282
 1816902
-2833598
 4512077
  686482
-4294105
-2168668
 -928409
 -761889
-2452844
 1203977
  753085
-2712924
-6048392
-2289452
 5448307
 4844233
  888935
 5538475
-1027671
 1321056
 1443334
 -893787
-5421143
 -925756
-1869960
 2990048
 1426716
  296858
 4028209
-2287439
 2672773
 -598851
 2362418
-1000926
-1930564
-5263921
 1065249
 2091674
 2055782
-2596712
   35056
 -495081
 1625876
 1136267
 3286224
 2763762
-2456024
 1993096
 3275455
-1420851
 3361408
 -218644
-1590799
-3540146
 -146792
 2187734
-3304760
-1570500
  337541
  195011
-1101214
 5085057
  972919
 3772176
 -890093
 2349024
  798267
 2270231
 -368133
 1882873
 4127216
  336332
  683161
 -192358
 -709800
 1528075
 2000636
-1220156
 -111785
 1780265
 1017506
  429803
-1433166
 1660435
-3228532
 -614082
 3370237
  473098
 2024779
-2196692
 -703275
-3294195
-1776581
 1839774
 4520068
  892406
 2929338
-3226530
-1525386
 1250521
  398269
 4832951
-4262944
  130257
-2026919
 4226196
  833450
-1366212
  627473
 1626266
 1506255
  -10662
 2473079
 4185028
 3186366
  455882
 -432235
 -166322
-4753125
-7324633
-2105008
 3045832
  682104
 4291628
 -466742
 -777919
-2412557
 -161326
 1282105
-1748833
-3533515
  724907
 1228445
-2863330
-3087364
 3786733
-4584222
   51553
 -241006
-4459883
 1513311
 6688984
-3890739
 4436273
 -343617
-3504656
   70308
-4569651
 1900310
 -891514
-2496766
 2023714
 -675023
 1288007
-1224920
 -861759
-3594913
-1987984
 1860529
-1145039
  670050
 1772946
 3264238
  253740
  674078
 1408008
 3145612
 -259835
 3360655
-2071417
-4865677
 -332574
 -477837
-5019504
  640878
-4476035
-2033881
 4211112
  629637
 2303910
-1532266
-1966069
 3030429
  312549
-3346074
 2365568
-3636248
  948173
 6017956
 3567684
-2650303
 3038628
 3359995
-1601603
 2476326
  388505
 -459383
  397106
 1869861
 4729876
 -625571
-2548212
 1124155
 -979156
 2244482
-1647808
-1425063
 3540017
-2320524
-1379895
 3365331
  -17145
 2037529
  522992
-4212305
-1266488
-1179032
-4389611
 3870735
 -946350
-1338230
-1399225
 1081653
-3655021
 2280981
-2361135
  370261
 1389190
-2972080
 -856799
-1637862
 -920016
-2344934
-3547813
 4626187
 2525035
 -701669
  434746
 1804493
 -929303
 2806384
  -71580
  187424
-2300595
 1150055
 2408761
-3504149
 1417532
-2240045
 3747363
-1594404
 1676748
-1685356
-3108996
-3521691
-2204288
 1134693
-1068731
  648797
 -935033
-1899711
-1087150
 3870476
-1558046
 1355555
 3752524
  113429
 1779102
-2688758
 -731234
-1524536
 -884933
 2373721
  613032
-2024337
  445458
 -279258
 1332960
-1937691
-1912824
-5014389
-2680161
 2450428
-1952231
 2618761
 3689200
  243752
-3365295
-5177690
-1249137
 4064074
-4043737
 3128932
  997032
 2432265
 3341660
  519058
-1903602
 3709665
 -120571
 2028787
  914424
-2466706
 2465067
 2583628
-2451194
  915959
  490068
  119685
-2777108
 1582339
 1284799
 7481064
-5255995
  -49329
-2867299
 3955696
 1460641
 3928204
 4831483
  557579
 3060429
-1069306
 -131547
-4627184
-1700878
 -857591
 3683474
-2158794
 -126374
 4579492
 -666690
  397328
 -140858
 2227499
  695768
 1279962
  836939
-3608875
 -480603
-1376682
-2645174
-4528099
-1009719
-5327700
-3677933
 -680625
 1672940
 -930127
  345163
  563746
 5553428
-1068655
  268197
 1081367
-2898830
  861852
  -36004
  105187
-4020815
 -202785
 2550096
  731989
  500886
-1745180
 1768741
-2622180
  134790
-2927799
-1248909
 -158079
-2868489
 -842551
-1843810
-2641052
 2548323
 2536215
 -518374
-4503536
 7725242
 6286626
-3059018
 1373608
-1404499
-1746786
-3072778
  770239
-4139073
  405547
 -837825
-2040780
 2924792
  130335
-2488219
-1415210
  543494
  481112
-1723341
-2737196
 -486557
-1468290
 -700255
 3582831
 5132532
-2251603
-1652860
-2907340
-1302205
 2276457
 2536193
 2591308
  608214
 -276844
   88803
 2914549
-5519726
  443249
 -723908
 6578432
  958277
  125008
 1506430
   48987
 6422291
 -938949
-4150044
 1297564
 2380980
 3592271
 2422745
 2577407
-1490258
-2957145
-1671465
 1766156
 1194248
-2809484
  515835
-2662180
 3534951
-1523529
  551757
-1584049
-3473834
 2647374
-1456446
-1265949
   57954
  816074
-4293702
-2148745
 1953815
  724730
 -723783
 2547790
 4479405
 -346505
-1001743
 -409492
-3565259
  813478
-2312512
-1273734
-2403765
-1674956
 2829320
 1807436
 3239460
 2036961
 -862030
  183622
-3118211
-2217626
 -145779
  751316
-2297814
 2668538
 1197375
 3322928
-1686506
-3284332
-1190849
  808063
-1392916
  975972
 3352106
 -959207
 2345178
-3317218
 1276765
  311601
-1512735
  339772
 3901515
-2150815
  455317
-1724881
 2656251
  714717
 1988213
 4641394
-2904842
-5107726
-4225952
-1170436
 2925030
-2746859
-2082923
   11696
-1776481
 1011754
 4854252
    -560
 -144251
 1748640
-1297832
 3216308
 -866234
  463911
 -127240
 1073167
 1488698
-2138843
 -749430
  120821
 -226755
 3221807
-4475439
-4778604
  951999
 2115813
-4610976
 1091098
 3884425
 1460550
 3161074
-2620606
-1554063
 5092922
  943903
-3135273
-1791167
-2553109
 1473612
-2908332
 4671078
-2494727
-2900550
   79981
  242196
  127599
-2430164
-2660020
  431655
 -466996
  725894
 1323406
  554280
 2734579
 -873019
-1238095
 1564644
 1199060
 -805973
-5133398
  345629
  865646
 1084999
 1861678
-2376196
-4876296
 6497218
  822696
 2699085
 1139120
 4698242
  629218
 3677093
  409412
-4454714
 -733443
  227663
 -232827
 4016342
 2285889
-5175522
  369333
-4029550
-1827987
-1494329
 1040895
 1174520
-3004986
 2280713
 -162157
 2030452
-1359698
 5406637
 2343171
 2233201
 2803110
 1881394
  171961
-1527519
 2449670
-4817232
-4518192
 2163696
-1684390
   51745
  774736
 2867337
  420913
 2723175
   90356
 1333180
 2507862
 -701241
 2482766
 3633497
-3806479
 1938626
 2377566
-3113046
-2853934
-1453312
 1488443
-1606751
 1310478
  268078
 1412540
-1274766
 -232765
 2001137
  -18212
  221842
-1874878
 -315297
  492494
-2779505
-5360927
   -8870
-1270349
 3542132
-2544740
 -189877
-3270084
  337413
-5152651
-1564576
 -768709
  293294
-2324506
-5293015
-2080764
 -341496
-1399596
  -52547
 -300638
-4163440
 -741400
  919821
  -79143
 -312961
 3799669
 -567984
 1095360
 4692378
  164650
  163292
 1868992
  746965
 2706463
 1413688
 4195261
 2442329
  484689
 3989977
 5725290
  -40615
 -104571
 2541683
  197351
-2084490
-1110047
  117646
-1907800
-3535023
 -681709
  608575
 2067478
 3031739
 -448019
 4026512
 1818757
-1749987
 3010831
 2972163
-3029072
 -549997
  241584
 -182963
 -761558
-2106673
 1656553
 1865649
 1204880
-1414465
  985948
  286168
 2804775
 1822841
   65354
-1356032
-4444203
-1648056
  207390
  409812
-1583758
-1976234
  444836
-2801399
-2158414
   77239
-1028596
-3037446
-3700771
 3747936
 1258372
 1638141
-1784462
 2090570
-5940218
-1168136
 4636361
 1373109
 3266134
 -550202
-2200034
-1790138
  922684
-2199667
-3245068
  -51544
 3702161
 3097718
 3118138
 4402648
-2285300
-1966896
-1597511
 -205877
-1510295
  958735
 5060754
 3161004
-1837452
 -400184
 2189355
 4336721
-1111292
-2137184
 3563412
-1348732
-1450934
 -567365
-3637225
-5740161
 2100506
-1235801
 2176696
 3854450
 3446910
-2625001
-1553553
-4643575
 4510379
-2385998
 2760208
-3922663
 -119970
-3006835
 -411939
-2501928
-1208616
-6513653
-3500593
  517076
 2712773
 1810453
 -912267
 1094299
-1026058
 1824313
  102107
 3019800
 -569927
 1913341
 2861746
 2873568
-2363452
 3488682
-4194851
  350399
 1204459
 -290451
-2465457
 2070022
-3741838
  529565
 -969387
 1161063
 1385446
 4605508
 4000330
 4265547
 1058015
  100942
-3824808
 2531253
-1590326
-1245058
 -708034
 3912485
 3295107
 3640919
-2865812
 1694811
-3115192
  309661
-1952430
 1115926
-2065848
 2893782
 3289502
 4916495
-2066144
-5116123
  293731
 1372314
-1176601
  721043
 -341621
 -682047
-2159393
-3821605
 -712041
 5653451
 1489848
 2177555
-2518221
-4500082
 3625867
 1832009
 -117102
  195941
-1373072
 1675753
 5327208
 -895911
 -816730
 3557550
-1592586
 4215746
 1804692
-2291333
 1137055
-1260339
  258260
 2691866
 4975222
 3153814
 1965446
 3073417
 2365983
 4889433
-1078389
 2017496
-2611625
-1442655
 1736679
 -606001
  816058
 2163446
-5947908
-1703892
-3054630
;