     0
     0
     0
     0
 32767
 31164
 26510
 19260
 10125
     2
-10125
-19260
-26510
-31164
-32767
-31163
-26509
-19259
-10123
     0
 10123
 19259
 26509
 31163
 32767
 31164
 26510
 19260
 10125
     2
-10125
-19260
-26510
-31164
-32767
-31163
-26509
-19259
-10123
     0
 10123
 19259
 26509
 31163
 32767
 31164
 26510
 19260
 10125
     2
-10125
-19260
-26510
-31164
-32767
-31163
-26509
-19259
-10123
     0
 10123
 19259
 26509
 31163
 32767
 31164
 26510
 19260
 10125
     2
-10125
-19260
-26510
-31164
-32767
-31163
-26509
-19259
-10123
     0
 10123
 19259
 26509
 31163
 32767
 31164
 26510
 19260
 10125
     2
-10125
-19260
-26510
-31164
-32767
-31163
-26509
-19259
-10123
     0
 10123
 19259
 19259
 19259
 32767
 32767
 32767
 14877
  5126
 -5126
-14877
-23169
-29195
-32364
-32363
-29195
-23170
-14876
 -5125
  5125
 14876
 23168
 29195
 32363
 32364
 29195
 23171
 14877
  5126
 -5126
-14877
-23169
-29195
-32364
-32363
-29195
-23170
-14876
 -5125
  5125
 14876
 23168
 29195
 32363
 32364
 29195
 23171
 14877
  5126
 -5126
-14877
-23169
-29195
-32364
-32363
-29195
-23170
-14876
 -5125
  5125
 14876
 23168
 29195
 32363
 32364
 29195
 23171
 14877
  5126
 -5126
-14877
-23169
-29195
-32364
-32363
-29195
-23170
-14876
 -5125
  5125
 14876
 23168
 29195
 32363
 32364
 29195
 23171
 14877
  5126
 -5126
-14877
-23169
-29195
-32364
-32363
-29195
-23170
-14876
 -5125
  5125
 14876
 23168
 23168
 23168
 32364
 32364
 32364
-14877
-23169
-29195
-32364
-32363
-29195
-23170
-14876
 -5125
  5125
 14876
 23168
 29195
 32363
 32364
 29195
 23171
 14877
  5126
 -5126
-14877
-23169
-29195
-32364
-32363
-29195
-23170
-14876
 -5125
  5125
 14876
 23168
 29195
 32363
 32364
 29195
 23171
 14877
  5126
 -5126
-14877
-23169
-29195
-32364
-32363
-29195
-23170
-14876
 -5125
  5125
 14876
 23168
 29195
 32363
 32364
 29195
 23171
 14877
  5126
 -5126
-14877
-23169
-29195
-32364
-32363
-29195
-23170
-14876
 -5125
  5125
 14876
 23168
 29195
 32363
 32364
 29195
 23171
 14877
  5126
 -5126
-14877
-23169
-29195
-32364
-32363
-29195
-23170
-14876
 -5125
  5125
 14876
 23168
 29195
 32363
 32364
 32364
 32364
 14877
 14877
 14877
-26509
-19259
-10123
     0
 10123
 19259
 26509
 31163
 32767
 31164
 26510
 19260
 10125
     2
-10125
-19260
-26510
-31164
-32767
-31163
-26509
-19259
-10123
     0
 10123
 19259
 26509
 31163
 32767
 31164
 26510
 19260
 10125
     2
-10125
-19260
-26510
-31164
-32767
-31163
-26509
-19259
-10123
     0
 10123
 19259
 26509
 31163
 32767
 31164
 26510
 19260
 10125
     2
-10125
-19260
-26510
-31164
-32767
-31163
-26509
-19259
-10123
     0
 10123
 19259
 26509
 31163
 32767
 31164
 26510
 19260
 10125
     2
-10125
-19260
-26510
-31164
-32767
-31163
-26509
-19259
-10123
     0
 10123
 19259
 26509
 31163
 32767
 31164
 26510
 19260
 10125
     2
-10125
-10125
-10125
-31164
-31164
-31164
 23169
 14877
  5126
 -5126
-14877
-23169
-29195
-32364
-32363
-29195
-23170
-14876
 -5125
  5125
 14876
 23168
 29195
 32363
 32364
 29195
 23171
 14877
  5126
 -5126
-14877
-23169
-29195
-32364
-32363
-29195
-23170
-14876
 -5125
  5125
 14876
 23168
 29195
 32363
 32364
 29195
 23171
 14877
  5126
 -5126
-14877
-23169
-29195
-32364
-32363
-29195
-23170
-14876
 -5125
  5125
 14876
 23168
 29195
 32363
 32364
 29195
 23171
 14877
  5126
 -5126
-14877
-23169
-29195
-32364
-32363
-29195
-23170
-14876
 -5125
  5125
 14876
 23168
 29195
 32363
 32364
 29195
 23171
 14877
  5126
 -5126
-14877
-23169
-29195
-32364
-32363
-29195
-23170
-14876
 -5125
  5125
 14876
 14876
 14876
 32363
 32363
 32363
    -2
-10125
-19260
-26510
-31164
-32767
-31163
-26509
-19259
-10123
     0
 10123
 19259
 26509
 31163
 32767
 31164
 26510
 19260
 10125
     2
-10125
-19260
-26510
-31164
-32767
-31163
-26509
-19259
-10123
     0
 10123
 19259
 26509
 31163
 32767
 31164
 26510
 19260
 10125
     2
-10125
-19260
-26510
-31164
-32767
-31163
-26509
-19259
-10123
     0
 10123
 19259
 26509
 31163
 32767
 31164
 26510
 19260
 10125
     2
-10125
-19260
-26510
-31164
-32767
-31163
-26509
-19259
-10123
     0
 10123
 19259
 26509
 31163
 32767
 31164
 26510
 19260
 10125
     2
-10125
-19260
-26510
-31164
-32767
-31163
-26509
-19259
-10123
     0
 10123
 19259
 26509
 31163
 31163
 31163
 26510
 26510
 26510
-23171
-29195
-32364
-32363
-29195
-23170
-14876
 -5125
  5125
 14876
 23168
 29195
 32363
 32364
 29195
 23171
 14877
  5126
 -5126
-14877
-23169
-29195
-32364
-32363
-29195
-23170
-14876
 -5125
  5125
 14876
 23168
 29195
 32363
 32364
 29195
 23171
 14877
  5126
 -5126
-14877
-23169
-29195
-32364
-32363
-29195
-23170
-14876
 -5125
  5125
 14876
 23168
 29195
 32363
 32364
 29195
 23171
 14877
  5126
 -5126
-14877
-23169
-29195
-32364
-32363
-29195
-23170
-14876
 -5125
  5125
 14876
 23168
 29195
 32363
 32364
 29195
 23171
 14877
  5126
 -5126
-14877
-23169
-29195
-32364
-32363
-29195
-23170
-14876
 -5125
  5125
 14876
 23168
 29195
 32363
 32364
 29195
 29195
 29195
  5126
  5126
  5126
 -5126
 -7147
 -9143
-11100
-13013
-14877
-16680
-18417
-20084
-21669
-23169
-24579
-25891
-27102
-28204
-29195
-30073
-30830
-31466
-31978
-32364
-32622
-32751
-32751
-32621
-32363
-31978
-31465
-30829
-30072
-29195
-28203
-27101
-25890
-24578
-23170
-21668
-20083
-18416
-16678
-14876
-13011
-11098
 -9141
 -7146
 -5125
 -3084
 -1027
  1027
  3084
  5125
  7146
  9141
 11098
 13011
 14876
 16678
 18416
 20083
 21668
 23168
 24578
 25890
 27101
 28203
 29195
 30072
 30829
 31465
 31978
 32363
 32621
 32751
 32751
 32622
 32364
 31978
 31466
 30830
 30073
 29195
 28204
 27102
 25891
 24579
 23171
 21669
 20084
 18417
 16680
 14877
 13013
 11100
  9143
  7147
  5126
  3085
  1029
 -1029
 -3085
 -5126
 -7147
 -9143
-11100
-13013
-14877
-16680
-18417
-20084
-21669
-23169
-24579
-25891
-27102
-28204
-29195
-30073
-30830
-31466
-31978
-32364
-32622
-32751
-32751
-32621
-32363
-31978
-31465
-30829
-30072
-29195
-28203
-27101
-25890
-24578
-23170
-21668
-20083
-18416
-16678
-14876
-13011
-11098
 -9141
 -7146
 -5125
 -3084
 -1027
  1027
  3084
  5125
  7146
  9141
 11098
 13011
 14876
 16678
 18416
 20083
 21668
 23168
 24578
 25890
 27101
 28203
 29195
 30072
 30829
 31465
 31978
 32363
 32621
 32751
 32751
 32622
 32364
 31978
 31466
 30830
 30073
 29195
 28204
 27102
 25891
 24579
 23171
 21669
 20084
 18417
 16680
 14877
 13013
 11100
  9143
  7147
  7147
  7147
  1029
  1029
  1029
 -1029
-11100
-20084
-27102
-31466
-32751
-30829
-25890
-18416
 -9141
  1027
 11098
 20083
 27101
 31465
 32751
 30830
 25891
 18417
  9143
 -1029
-11100
-20084
-27102
-31466
-32751
-30829
-25890
-18416
 -9141
  1027
 11098
 20083
 27101
 31465
 32751
 30830
 25891
 18417
  9143
 -1029
-11100
-20084
-27102
-31466
-32751
-30829
-25890
-18416
 -9141
  1027
 11098
 20083
 27101
 31465
 32751
 30830
 25891
 18417
  9143
 -1029
-11100
-20084
-27102
-31466
-32751
-30829
-25890
-18416
 -9141
  1027
 11098
 20083
 27101
 31465
 32751
 30830
 25891
 18417
  9143
 -1029
-11100
-20084
-27102
-31466
-32751
-30829
-25890
-18416
 -9141
  1027
 11098
 20083
 27101
 31465
 32751
 30830
 25891
 18417
  9143
 -1029
-11100
-20084
-27102
-31466
-32751
-30829
-25890
-18416
 -9141
  1027
 11098
 20083
 27101
 31465
 32751
 30830
 25891
 18417
  9143
 -1029
-11100
-20084
-27102
-31466
-32751
-30829
-25890
-18416
 -9141
  1027
 11098
 20083
 27101
 31465
 32751
 30830
 25891
 18417
  9143
 -1029
-11100
-20084
-27102
-31466
-32751
-30829
-25890
-18416
 -9141
  1027
 11098
 20083
 27101
 31465
 32751
 30830
 25891
 18417
  9143
 -1029
-11100
-20084
-27102
-31466
-32751
-30829
-25890
-18416
 -9141
  1027
 11098
 20083
 27101
 31465
 32751
 30830
 25891
 18417
  9143
 -1029
-11100
-20084
-27102
-31466
-32751
-30829
-25890
-18416
 -9141
  1027
 11098
 20083
 27101
 31465
 31465
 31465
 25891
 25891
 25891
 18417
 -1029
-20084
-31466
-30829
-18416
  1027
 20083
 31465
 30830
 18417
 -1029
-20084
-31466
-30829
-18416
  1027
 20083
 31465
 30830
 18417
 -1029
-20084
-31466
-30829
-18416
  1027
 20083
 31465
 30830
 18417
 -1029
-20084
-31466
-30829
-18416
  1027
 20083
 31465
 30830
 18417
 -1029
-20084
-31466
-30829
-18416
  1027
 20083
 31465
 30830
 18417
 -1029
-20084
-31466
-30829
-18416
  1027
 20083
 31465
 30830
 18417
 -1029
-20084
-31466
-30829
-18416
  1027
 20083
 31465
 30830
 18417
 -1029
-20084
-31466
-30829
-18416
  1027
 20083
 31465
 30830
 18417
 -1029
-20084
-31466
-30829
-18416
  1027
 20083
 31465
 30830
 18417
 -1029
-20084
-31466
-30829
-18416
  1027
 20083
 31465
 30830
 18417
 -1029
-20084
-31466
-30829
-18416
  1027
 20083
 31465
 30830
 18417
 -1029
-20084
-31466
-30829
-18416
  1027
 20083
 31465
 30830
 18417
 -1029
-20084
-31466
-30829
-18416
  1027
 20083
 31465
 30830
 18417
 -1029
-20084
-31466
-30829
-18416
  1027
 20083
 31465
 30830
 18417
 -1029
-20084
-31466
-30829
-18416
  1027
 20083
 31465
 30830
 18417
 -1029
-20084
-31466
-30829
-18416
  1027
 20083
 31465
 30830
 18417
 -1029
-20084
-31466
-30829
-18416
  1027
 20083
 31465
 30830
 18417
 -1029
-20084
-31466
-30829
-18416
  1027
 20083
 31465
 30830
 18417
 -1029
-20084
-31466
-30829
-18416
  1027
 20083
 31465
 30830
 18417
 -1029
-20084
-31466
-30829
-18416
  1027
 20083
 31465
 30830
 18417
 -1029
-20084
-31466
-30829
-18416
  1027
 20083
 31465
 30830
 18417
 -1029
-20084
-31466
-30829
-18416
  1027
 20083
 31465
 30830
 18417
 -1029
-20084
-31466
-30829
-18416
  1027
 20083
 31465
 30830
 18417
 -1029
-20084
-31466
-30829
-18416
  1027
 20083
 31465
 30830
 18417
 -1029
-20084
-31466
-30829
-18416
  1027
 20083
 31465
 30830
 18417
 -1029
-20084
-31466
-30829
-18416
  1027
 20083
 31465
 30830
 18417
 -1029
-20084
-31466
-30829
-18416
  1027
 20083
 31465
 30830
 18417
 -1029
-20084
-31466
-30829
-18416
  1027
 20083
 31465
 30830
 18417
 -1029
-20084
-31466
-30829
-18416
  1027
 20083
 31465
 30830
 18417
 -1029
-20084
-31466
-30829
-18416
  1027
 20083
 31465
 30830
 18417
 -1029
-20084
-31466
-30829
-18416
  1027
 20083
 31465
 30830
 18417
 -1029
-20084
-31466
-30829
-18416
  1027
 20083
 31465
 30830
 18417
 -1029
-20084
-31466
-30829
-18416
  1027
 20083
 31465
 30830
 18417
 -1029
-20084
-31466
-30829
-18416
  1027
 20083
 31465
 30830
 18417
 -1029
-20084
-31466
-30829
-18416
  1027
 20083
 31465
 30830
 18417
 -1029
-20084
-31466
-30829
-18416
  1027
 20083
 31465
 30830
 18417
 -1029
-20084
-31466
-30829
-18416
  1027
 20083
 31465
 30830
 18417
 -1029
-20084
-31466
-30829
-18416
  1027
 20083
 31465
 30830
 18417
 -1029
-20084
-31466
-30829
-18416
  1027
 20083
 31465
 30830
 18417
 -1029
-20084
-31466
-30829
-18416
  1027
 20083
 31465
 30830
 18417
 -1029
-20084
-31466
-30829
-18416
