 8388607
       0
 8382647
       0
 8364774
       0
 8335015
       0
 8293411
       0
 8240022
       0
 8174923
       0
 8098207
       0
 8009983
       0
 7910377
       0
 7799530
       0
 7677599
       0
 7544757
       0
 7401194
       0
 7247114
       0
 7082735
       0
 6908291
       0
 6724030
       0
 6530214
       0
 6327118
       0
 6115031
       0
 5894254
       0
 5665102
       0
 5427898
       0
 5182981
       0
 4930699
       0
 4671411
       0
 4405484
       0
 4133296
       0
 3855235
       0
 3571695
       0
 3283080
       0
 2989799
       0
 2692270
       0
 2390915
       0
 2086162
       0
 1778444
       0
 1468200
       0
 1155869
       0
  841895
       0
  526725
       0
  210806
       0
 -105412
       0
 -421480
       0
 -736949
       0
-1051371
       0
-1364299
       0
-1675289
       0
-1983897
       0
-2289687
       0
-2592222
       0
-2891074
       0
-3185818
       0
-3476034
       0
-3761311
       0
-4041242
       0
-4315431
       0
-4583487
       0
-4845030
       0
-5099688
       0
-5347099
       0
-5586912
       0
-5818785
       0
-6042389
       0
-6257407
       0
-6463533
       0
-6660473
       0
-6847949
       0
-7025694
       0
-7193454
       0
-7350992
       0
-7498084
       0
-7634521
       0
-7760109
       0
-7874669
       0
-7978039
       0
-8070072
       0
-8150637
       0
-8219619
       0
-8276921
       0
-8322460
       0
-8356173
       0
-8378012
       0
-8387945
       0
-8385958
       0
-8372054
       0
-8346253
       0
-8308592
       0
-8259123
       0
-8197918
       0
-8125063
       0
-8040663
       0
-7944835
       0
-7837718
       0
-7719463
       0
-7590239
       0
-7450228
       0
-7299630
       0
-7138658
       0
-6967543
       0
-6786526
       0
-6595865
       0
-6395831
       0
-6186708
       0
-5968793
       0
-5742397
       0
-5507840
       0
-5265456
       0
-5015590
       0
-4758596
       0
-4494840
       0
-4224697
       0
-3948550
       0
-3666792
       0
-3379824
       0
-3088052
       0
-2791892
       0
-2491765
       0
-2188097
       0
-1881319
       0
-1571868
       0
-1260183
       0
 -946708
       0
 -631887
       0
 -316168
       0
       0
       0
  316168
       0
  631887
       0
  946708
       0
 1260183
       0
 1571868
       0
 1881319
       0
 2188097
       0
 2491765
       0
 2791892
       0
 3088052
       0
 3379824
       0
 3666792
       0
 3948550
       0
 4224697
       0
 4494840
       0
 4758596
       0
 5015590
       0
 5265456
       0
 5507840
       0
 5742397
       0
 5968793
       0
 6186708
       0
 6395831
       0
 6595865
       0
 6786526
       0
 6967543
       0
 7138658
       0
 7299630
       0
 7450228
       0
 7590239
       0
 7719463
       0
 7837718
       0
 7944835
       0
 8040663
       0
 8125063
       0
 8197918
       0
 8259123
       0
 8308592
       0
 8346253
       0
 8372054
       0
 8385958
       0
 8387945
       0
 8378012
       0
 8356173
       0
 8322460
       0
 8276921
       0
 8219619
       0
 8150637
       0
 8070072
       0
 7978039
       0
 7874669
       0
 7760109
       0
 7634521
       0
 7498084
       0
 7350992
       0
 7193454
       0
 7025694
       0
 6847949
       0
 6660473
       0
 6463533
       0
 6257407
       0
 6042389
       0
 5818785
       0
 5586912
       0
 5347099
       0
 5099688
       0
 4845030
       0
 4583487
       0
 4315431
       0
 4041242
       0
 3761311
       0
 3476034
       0
 3185818
       0
 2891074
       0
 2592222
       0
 2289687
       0
 1983897
       0
 1675289
       0
 1364299
       0
 1051371
       0
  736949
       0
  421480
       0
  105412
       0
 -210806
       0
 -526725
       0
 -841895
       0
-1155869
       0
-1468200
       0
-1778444
       0
-2086162
       0
-2390915
       0
-2692270
       0
-2989799
       0
-3283080
       0
-3571695
       0
-3855235
       0
-4133296
       0
-4405484
       0
-4671411
       0
-4930699
       0
-5182981
       0
-5427898
       0
-5665102
       0
-5894254
       0
-6115031
       0
-6327118
       0
-6530214
       0
-6724030
       0
-6908291
       0
-7082735
       0
-7247114
       0
-7401194
       0
-7544757
       0
-7677599
       0
-7799530
       0
-7910377
       0
-8009983
       0
-8098207
       0
-8174923
       0
-8240022
       0
-8293411
       0
-8335015
       0
-8364774
       0
-8382647
       0
-8388607
       0
-8382647
       0
-8364774
       0
-8335015
       0
-8293411
       0
-8240022
       0
-8174923
       0
-8098207
       0
-8009983
       0
-7910377
       0
-7799530
       0
-7677599
       0
-7544757
       0
-7401194
       0
-7247114
       0
-7082735
       0
-6908291
       0
-6724030
       0
-6530214
       0
-6327118
       0
-6115031
       0
-5894254
       0
-5665102
       0
-5427898
       0
-5182981
       0
-4930699
       0
-4671411
       0
-4405484
       0
-4133296
       0
-3855235
       0
-3571695
       0
-3283080
       0
-2989799
       0
-2692270
       0
-2390915
       0
-2086162
       0
-1778444
       0
-1468200
       0
-1155869
       0
 -841895
       0
 -526725
       0
 -210806
       0
  105412
       0
  421480
       0
  736949
       0
 1051371
       0
 1364299
       0
 1675289
       0
 1983897
       0
 2289687
       0
 2592222
       0
 2891074
       0
 3185818
       0
 3476034
       0
 3761311
       0
 4041242
       0
 4315431
       0
 4583487
       0
 4845030
       0
 5099688
       0
 5347099
       0
 5586912
       0
 5818785
       0
 6042389
       0
 6257407
       0
 6463533
       0
 6660473
       0
 6847949
       0
 7025694
       0
 7193454
       0
 7350992
       0
 7498084
       0
 7634521
       0
 7760109
       0
 7874669
       0
 7978039
       0
 8070072
       0
 8150637
       0
 8219619
       0
 8276921
       0
 8322460
       0
 8356173
       0
 8378012
       0
 8387945
       0
 8385958
       0
 8372054
       0
 8346253
       0
 8308592
       0
 8259123
       0
 8197918
       0
 8125063
       0
 8040663
       0
 7944835
       0
 7837718
       0
 7719463
       0
 7590239
       0
 7450228
       0
 7299630
       0
 7138658
       0
 6967543
       0
 6786526
       0
 6595865
       0
 6395831
       0
 6186708
       0
 5968793
       0
 5742397
       0
 5507840
       0
 5265456
       0
 5015590
       0
 4758596
       0
 4494840
       0
 4224697
       0
 3948550
       0
 3666792
       0
 3379824
       0
 3088052
       0
 2791892
       0
 2491765
       0
 2188097
       0
 1881319
       0
 1571868
       0
 1260183
       0
  946708
       0
  631887
       0
  316168
       0
       0
       0
 -316168
       0
 -631887
       0
 -946708
       0
-1260183
       0
-1571868
       0
-1881319
       0
-2188097
       0
-2491765
       0
-2791892
       0
-3088052
       0
-3379824
       0
-3666792
       0
-3948550
       0
-4224697
       0
-4494840
       0
-4758596
       0
-5015590
       0
-5265456
       0
-5507840
       0
-5742397
       0
-5968793
       0
-6186708
       0
-6395831
       0
-6595865
       0
-6786526
       0
-6967543
       0
-7138658
       0
-7299630
       0
-7450228
       0
-7590239
       0
-7719463
       0
-7837718
       0
-7944835
       0
-8040663
       0
-8125063
       0
-8197918
       0
-8259123
       0
-8308592
       0
-8346253
       0
-8372054
       0
-8385958
       0
-8387945
       0
-8378012
       0
-8356173
       0
-8322460
       0
-8276921
       0
-8219619
       0
-8150637
       0
-8070072
       0
-7978039
       0
-7874669
       0
-7760109
       0
-7634521
       0
-7498084
       0
-7350992
       0
-7193454
       0
-7025694
       0
-6847949
       0
-6660473
       0
-6463533
       0
-6257407
       0
-6042389
       0
-5818785
       0
-5586912
       0
-5347099
       0
-5099688
       0
-4845030
       0
-4583487
       0
-4315431
       0
-4041242
       0
-3761311
       0
-3476034
       0
-3185818
       0
-2891074
       0
-2592222
       0
-2289687
       0
-1983897
       0
-1675289
       0
-1364299
       0
-1051371
       0
 -736949
       0
 -421480
       0
 -105412
       0
  210806
       0
  526725
       0
  841895
       0
 1155869
       0
 1468200
       0
 1778444
       0
 2086162
       0
 2390915
       0
 2692270
       0
 2989799
       0
 3283080
       0
 3571695
       0
 3855235
       0
 4133296
       0
 4405484
       0
 4671411
       0
 4930699
       0
 5182981
       0
 5427898
       0
 5665102
       0
 5894254
       0
 6115031
       0
 6327118
       0
 6530214
       0
 6724030
       0
 6908291
       0
 7082735
       0
 7247114
       0
 7401194
       0
 7544757
       0
 7677599
       0
 7799530
       0
 7910377
       0
 8009983
       0
 8098207
       0
 8174923
       0
 8240022
       0
 8293411
       0
 8335015
       0
 8364774
       0
 8382647
       0
 8388607
       0
 8382647
       0
 8364774
       0
 8335015
       0
 8293411
       0
 8240022
       0
 8174923
       0
 8098207
       0
 8009983
       0
 7910377
       0
 7799530
       0
 7677599
       0
 7544757
       0
 7401194
       0
 7247114
       0
 7082735
       0
 6908291
       0
 6724030
       0
 6530214
       0
 6327118
       0
 6115031
       0
 5894254
       0
 5665102
       0
 5427898
       0
 5182981
       0
 4930699
       0
 4671411
       0
 4405484
       0
 4133296
       0
 3855235
       0
 3571695
       0
 3283080
       0
 2989799
       0
 2692270
       0
 2390915
       0
 2086162
       0
 1778444
       0
 1468200
       0
 1155869
       0
  841895
       0
  526725
       0
  210806
       0
 -105412
       0
 -421480
       0
 -736949
       0
-1051371
       0
-1364299
       0
-1675289
       0
-1983897
       0
-2289687
       0
-2592222
       0
-2891074
       0
-3185818
       0
-3476034
       0
-3761311
       0
-4041242
       0
-4315431
       0
-4583487
       0
-4845030
       0
-5099688
       0
-5347099
       0
-5586912
       0
-5818785
       0
-6042389
       0
-6257407
       0
-6463533
       0
-6660473
       0
-6847949
       0
-7025694
       0
-7193454
       0
-7350992
       0
-7498084
       0
-7634521
       0
-7760109
       0
-7874669
       0
-7978039
       0
-8070072
       0
-8150637
       0
-8219619
       0
-8276921
       0
-8322460
       0
-8356173
       0
-8378012
       0
-8387945
       0
-8385958
       0
-8372054
       0
-8346253
       0
-8308592
       0
-8259123
       0
-8197918
       0
-8125063
       0
-8040663
       0
-7944835
       0
-7837718
       0
-7719463
       0
-7590239
       0
-7450228
       0
-7299630
       0
-7138658
       0
-6967543
       0
-6786526
       0
-6595865
       0
-6395831
       0
-6186708
       0
-5968793
       0
-5742397
       0
-5507840
       0
-5265456
       0
-5015590
       0
-4758596
       0
-4494840
       0
-4224697
       0
-3948550
       0
-3666792
       0
-3379824
       0
-3088052
       0
-2791892
       0
-2491765
       0
-2188097
       0
-1881319
       0
-1571868
       0
-1260183
       0
 -946708
       0
 -631887
       0
 -316168
       0
       0
       0
  316168
       0
  631887
       0
  946708
       0
 1260183
       0
 1571868
       0
 1881319
       0
 2188097
       0
 2491765
       0
 2791892
       0
 3088052
       0
 3379824
       0
 3666792
       0
 3948550
       0
 4224697
       0
 4494840
       0
 4758596
       0
 5015590
       0
 5265456
       0
 5507840
       0
 5742397
       0
 5968793
       0
 6186708
       0
 6395831
       0
 6595865
       0
 6786526
       0
 6967543
       0
 7138658
       0
 7299630
       0
 7450228
       0
 7590239
       0
 7719463
       0
 7837718
       0
 7944835
       0
 8040663
       0
 8125063
       0
 8197918
       0
 8259123
       0
 8308592
       0
 8346253
       0
 8372054
       0
 8385958
       0
 8387945
       0
 8378012
       0
 8356173
       0
 8322460
       0
 8276921
       0
 8219619
       0
 8150637
       0
 8070072
       0
 7978039
       0
 7874669
       0
 7760109
       0
 7634521
       0
 7498084
       0
 7350992
       0
 7193454
       0
 7025694
       0
 6847949
       0
 6660473
       0
 6463533
       0
 6257407
       0
 6042389
       0
 5818785
       0
 5586912
       0
 5347099
       0
 5099688
       0
 4845030
       0
 4583487
       0
 4315431
       0
 4041242
       0
 3761311
       0
 3476034
       0
 3185818
       0
 2891074
       0
 2592222
       0
 2289687
       0
 1983897
       0
 1675289
       0
 1364299
       0
 1051371
       0
  736949
       0
  421480
       0
  105412
       0
 -210806
       0
 -526725
       0
 -841895
       0
-1155869
       0
-1468200
       0
-1778444
       0
-2086162
       0
-2390915
       0
-2692270
       0
-2989799
       0
-3283080
       0
-3571695
       0
-3855235
       0
-4133296
       0
-4405484
       0
-4671411
       0
-4930699
       0
-5182981
       0
-5427898
       0
-5665102
       0
-5894254
       0
-6115031
       0
-6327118
       0
-6530214
       0
-6724030
       0
-6908291
       0
-7082735
       0
-7247114
       0
-7401194
       0
-7544757
       0
-7677599
       0
-7799530
       0
-7910377
       0
-8009983
       0
-8098207
       0
-8174923
       0
-8240022
       0
-8293411
       0
-8335015
       0
-8364774
       0
-8382647
       0
-8388607
       0
-8382647
       0
-8364774
       0
-8335015
       0
-8293411
       0
-8240022
       0
-8174923
       0
-8098207
       0
-8009983
       0
-7910377
       0
-7799530
       0
-7677599
       0
-7544757
       0
-7401194
       0
-7247114
       0
-7082735
       0
-6908291
       0
-6724030
       0
-6530214
       0
-6327118
       0
-6115031
       0
-5894254
       0
-5665102
       0
-5427898
       0
-5182981
       0
-4930699
       0
-4671411
       0
-4405484
       0
-4133296
       0
-3855235
       0
-3571695
       0
-3283080
       0
-2989799
       0
-2692270
       0
-2390915
       0
-2086162
       0
-1778444
       0
-1468200
       0
-1155869
       0
 -841895
       0
 -526725
       0
 -210806
       0
  105412
       0
  421480
       0
  736949
       0
 1051371
       0
 1364299
       0
 1675289
       0
 1983897
       0
 2289687
       0
 2592222
       0
 2891074
       0
 3185818
       0
 3476034
       0
 3761311
       0
 4041242
       0
 4315431
       0
 4583487
       0
 4845030
       0
 5099688
       0
 5347099
       0
 5586912
       0
 5818785
       0
 6042389
       0
 6257407
       0
 6463533
       0
 6660473
       0
 6847949
       0
 7025694
       0
 7193454
       0
 7350992
       0
 7498084
       0
 7634521
       0
 7760109
       0
 7874669
       0
 7978039
       0
 8070072
       0
 8150637
       0
 8219619
       0
 8276921
       0
 8322460
       0
 8356173
       0
 8378012
       0
 8387945
       0
 8385958
       0
 8372054
       0
 8346253
       0
 8308592
       0
 8259123
       0
 8197918
       0
 8125063
       0
 8040663
       0
 7944835
       0
 7837718
       0
 7719463
       0
 7590239
       0
 7450228
       0
 7299630
       0
 7138658
       0
 6967543
       0
 6786526
       0
 6595865
       0
 6395831
       0
 6186708
       0
 5968793
       0
 5742397
       0
 5507840
       0
 5265456
       0
 5015590
       0
 4758596
       0
 4494840
       0
 4224697
       0
 3948550
       0
 3666792
       0
 3379824
       0
 3088052
       0
 2791892
       0
 2491765
       0
 2188097
       0
 1881319
       0
 1571868
       0
 1260183
       0
  946708
       0
  631887
       0
  316168
       0
       0
       0
 -316168
       0
 -631887
       0
 -946708
       0
-1260183
       0
-1571868
       0
-1881319
       0
-2188097
       0
-2491765
       0
-2791892
       0
-3088052
       0
-3379824
       0
-3666792
       0
-3948550
       0
-4224697
       0
-4494840
       0
-4758596
       0
-5015590
       0
-5265456
       0
-5507840
       0
-5742397
       0
-5968793
       0
-6186708
       0
-6395831
       0
-6595865
       0
-6786526
       0
-6967543
       0
-7138658
       0
-7299630
       0
-7450228
       0
-7590239
       0
-7719463
       0
-7837718
       0
-7944835
       0
-8040663
       0
-8125063
       0
-8197918
       0
-8259123
       0
-8308592
       0
-8346253
       0
-8372054
       0
-8385958
       0
-8387945
       0
-8378012
       0
-8356173
       0
-8322460
       0
-8276921
       0
-8219619
       0
-8150637
       0
-8070072
       0
-7978039
       0
-7874669
       0
-7760109
       0
-7634521
       0
-7498084
       0
-7350992
       0
-7193454
       0
-7025694
       0
-6847949
       0
-6660473
       0
-6463533
       0
-6257407
       0
-6042389
       0
-5818785
       0
-5586912
       0
-5347099
       0
-5099688
       0
-4845030
       0
-4583487
       0
-4315431
       0
-4041242
       0
-3761311
       0
-3476034
       0
-3185818
       0
-2891074
       0
-2592222
       0
-2289687
       0
-1983897
       0
-1675289
       0
-1364299
       0
-1051371
       0
 -736949
       0
 -421480
       0
 -105412
       0
  210806
       0
  526725
       0
  841895
       0
 1155869
       0
 1468200
       0
 1778444
       0
 2086162
       0
 2390915
       0
 2692270
       0
 2989799
       0
 3283080
       0
 3571695
       0
 3855235
       0
 4133296
       0
 4405484
       0
 4671411
       0
 4930699
       0
 5182981
       0
 5427898
       0
 5665102
       0
 5894254
       0
 6115031
       0
 6327118
       0
 6530214
       0
 6724030
       0
 6908291
       0
 7082735
       0
 7247114
       0
 7401194
       0
 7544757
       0
 7677599
       0
 7799530
       0
 7910377
       0
 8009983
       0
 8098207
       0
 8174923
       0
 8240022
       0
 8293411
       0
 8335015
       0
 8364774
       0
 8382647
       0
 8388607
       0
 8382647
       0
 8364774
       0
 8335015
       0
 8293411
       0
 8240022
       0
 8174923
       0
 8098207
       0
 8009983
       0
 7910377
       0
 7799530
       0
 7677599
       0
 7544757
       0
 7401194
       0
 7247114
       0
 7082735
       0
 6908291
       0
 6724030
       0
 6530214
       0
 6327118
       0
 6115031
       0
 5894254
       0
 5665102
       0
 5427898
       0
 5182981
       0
 4930699
       0
 4671411
       0
 4405484
       0
 4133296
       0
 3855235
       0
 3571695
       0
 3283080
       0
 2989799
       0
 2692270
       0
 2390915
       0
 2086162
       0
 1778444
       0
 1468200
       0
 1155869
       0
  841895
       0
  526725
       0
  210806
       0
 -105412
       0
 -421480
       0
 -736949
       0
-1051371
       0
-1364299
       0
-1675289
       0
-1983897
       0
-2289687
       0
-2592222
       0
-2891074
       0
-3185818
       0
-3476034
       0
-3761311
       0
-4041242
       0
-4315431
       0
-4583487
       0
-4845030
       0
-5099688
       0
-5347099
       0
-5586912
       0
-5818785
       0
-6042389
       0
-6257407
       0
-6463533
       0
-6660473
       0
-6847949
       0
-7025694
       0
-7193454
       0
-7350992
       0
-7498084
       0
-7634521
       0
-7760109
       0
-7874669
       0
-7978039
       0
-8070072
       0
-8150637
       0
-8219619
       0
-8276921
       0
-8322460
       0
-8356173
       0
-8378012
       0
-8387945
       0
-8385958
       0
-8372054
       0
-8346253
       0
-8308592
       0
-8259123
       0
-8197918
       0
-8125063
       0
-8040663
       0
-7944835
       0
-7837718
       0
-7719463
       0
-7590239
       0
-7450228
       0
-7299630
       0
-7138658
       0
-6967543
       0
-6786526
       0
-6595865
       0
-6395831
       0
-6186708
       0
-5968793
       0
-5742397
       0
-5507840
       0
-5265456
       0
-5015590
       0
-4758596
       0
-4494840
       0
-4224697
       0
-3948550
       0
-3666792
       0
-3379824
       0
-3088052
       0
-2791892
       0
-2491765
       0
-2188097
       0
-1881319
       0
-1571868
       0
-1260183
       0
 -946708
       0
 -631887
       0
 -316168
       0
       0
       0
  316168
       0
  631887
       0
  946708
       0
 1260183
       0
 1571868
       0
 1881319
       0
 2188097
       0
 2491765
       0
 2791892
       0
 3088052
       0
 3379824
       0
 3666792
       0
 3948550
       0
 4224697
       0
 4494840
       0
 4758596
       0
 5015590
       0
 5265456
       0
 5507840
       0
 5742397
       0
 5968793
       0
 6186708
       0
 6395831
       0
 6595865
       0
 6786526
       0
 6967543
       0
 7138658
       0
 7299630
       0
 7450228
       0
 7590239
       0
 7719463
       0
 7837718
       0
 7944835
       0
 8040663
       0
 8125063
       0
 8197918
       0
 8259123
       0
 8308592
       0
 8346253
       0
 8372054
       0
 8385958
       0
 8387945
       0
 8378012
       0
 8356173
       0
 8322460
       0
 8276921
       0
 8219619
       0
 8150637
       0
 8070072
       0
 7978039
       0
 7874669
       0
 7760109
       0
 7634521
       0
 7498084
       0
 7350992
       0
 7193454
       0
 7025694
       0
 6847949
       0
 6660473
       0
 6463533
       0
 6257407
       0
 6042389
       0
 5818785
       0
 5586912
       0
 5347099
       0
 5099688
       0
 4845030
       0
 4583487
       0
 4315431
       0
 4041242
       0
 3761311
       0
 3476034
       0
 3185818
       0
 2891074
       0
 2592222
       0
 2289687
       0
 1983897
       0
 1675289
       0
 1364299
       0
 1051371
       0
  736949
       0
  421480
       0
  105412
       0
 -210806
       0
 -526725
       0
 -841895
       0
-1155869
       0
-1468200
       0
-1778444
       0
-2086162
       0
-2390915
       0
-2692270
       0
-2989799
       0
-3283080
       0
-3571695
       0
-3855235
       0
-4133296
       0
-4405484
       0
-4671411
       0
-4930699
       0
-5182981
       0
-5427898
       0
-5665102
       0
-5894254
       0
-6115031
       0
-6327118
       0
-6530214
       0
-6724030
       0
-6908291
       0
-7082735
       0
-7247114
       0
-7401194
       0
-7544757
       0
-7677599
       0
-7799530
       0
-7910377
       0
-8009983
       0
-8098207
       0
-8174923
       0
-8240022
       0
-8293411
       0
-8335015
       0
-8364774
       0
-8382647
       0
-8388607
       0
-8382647
       0
-8364774
       0
-8335015
       0
-8293411
       0
-8240022
       0
-8174923
       0
-8098207
       0
-8009983
       0
-7910377
       0
-7799530
       0
-7677599
       0
-7544757
       0
-7401194
       0
-7247114
       0
-7082735
       0
-6908291
       0
-6724030
       0
-6530214
       0
-6327118
       0
-6115031
       0
-5894254
       0
-5665102
       0
-5427898
       0
-5182981
       0
-4930699
       0
-4671411
       0
-4405484
       0
-4133296
       0
-3855235
       0
-3571695
       0
-3283080
       0
-2989799
       0
-2692270
       0
-2390915
       0
-2086162
       0
-1778444
       0
-1468200
       0
-1155869
       0
 -841895
       0
 -526725
       0
 -210806
       0
  105412
       0
  421480
       0
  736949
       0
 1051371
       0
 1364299
       0
 1675289
       0
 1983897
       0
 2289687
       0
 2592222
       0
 2891074
       0
 3185818
       0
 3476034
       0
 3761311
       0
 4041242
       0
 4315431
       0
 4583487
       0
 4845030
       0
 5099688
       0
 5347099
       0
 5586912
       0
 5818785
       0
 6042389
       0
 6257407
       0
 6463533
       0
 6660473
       0
 6847949
       0
 7025694
       0
 7193454
       0
 7350992
       0
 7498084
       0
 7634521
       0
 7760109
       0
 7874669
       0
 7978039
       0
 8070072
       0
 8150637
       0
 8219619
       0
 8276921
       0
 8322460
       0
 8356173
       0
 8378012
       0
 8387945
       0
 8385958
       0
 8372054
       0
 8346253
       0
 8308592
       0
 8259123
       0
 8197918
       0
 8125063
       0
 8040663
       0
 7944835
       0
 7837718
       0
 7719463
       0
 7590239
       0
 7450228
       0
 7299630
       0
 7138658
       0
 6967543
       0
 6786526
       0
 6595865
       0
 6395831
       0
 6186708
       0
 5968793
       0
 5742397
       0
 5507840
       0
 5265456
       0
 5015590
       0
 4758596
       0
 4494840
       0
 4224697
       0
 3948550
       0
 3666792
       0
 3379824
       0
 3088052
       0
 2791892
       0
 2491765
       0
 2188097
       0
 1881319
       0
 1571868
       0
 1260183
       0
  946708
       0
  631887
       0
  316168
       0
       0
       0
 -316168
       0
 -631887
       0
 -946708
       0
-1260183
       0
-1571868
       0
-1881319
       0
-2188097
       0
-2491765
       0
-2791892
       0
-3088052
       0
-3379824
       0
-3666792
       0
-3948550
       0
-4224697
       0
-4494840
       0
-4758596
       0
-5015590
       0
-5265456
       0
-5507840
       0
-5742397
       0
-5968793
       0
-6186708
       0
-6395831
       0
-6595865
       0
-6786526
       0
-6967543
       0
-7138658
       0
-7299630
       0
-7450228
       0
-7590239
       0
-7719463
       0
-7837718
       0
-7944835
       0
-8040663
       0
-8125063
       0
-8197918
       0
-8259123
       0
-8308592
       0
-8346253
       0
-8372054
       0
-8385958
       0
-8387945
       0
-8378012
       0
-8356173
       0
-8322460
       0
-8276921
       0
-8219619
       0
-8150637
       0
-8070072
       0
-7978039
       0
-7874669
       0
-7760109
       0
-7634521
       0
-7498084
       0
-7350992
       0
-7193454
       0
-7025694
       0
-6847949
       0
-6660473
       0
-6463533
       0
-6257407
       0
-6042389
       0
-5818785
       0
-5586912
       0
-5347099
       0
-5099688
       0
-4845030
       0
-4583487
       0
-4315431
       0
-4041242
       0
-3761311
       0
-3476034
       0
-3185818
       0
-2891074
       0
-2592222
       0
-2289687
       0
-1983897
       0
-1675289
       0
-1364299
       0
-1051371
       0
 -736949
       0
 -421480
       0
 -105412
       0
  210806
       0
  526725
       0
  841895
       0
 1155869
       0
 1468200
       0
 1778444
       0
 2086162
       0
 2390915
       0
 2692270
       0
 2989799
       0
 3283080
       0
 3571695
       0
 3855235
       0
 4133296
       0
 4405484
       0
 4671411
       0
 4930699
       0
 5182981
       0
 5427898
       0
 5665102
       0
 5894254
       0
 6115031
       0
 6327118
       0
 6530214
       0
 6724030
       0
 6908291
       0
 7082735
       0
 7247114
       0
 7401194
       0
 7544757
       0
 7677599
       0
 7799530
       0
 7910377
       0
 8009983
       0
 8098207
       0
 8174923
       0
 8240022
       0
 8293411
       0
 8335015
       0
 8364774
       0
 8382647
       0
 8388607
       0
 8382647
       0
 8364774
       0
 8335015
       0
 8293411
       0
 8240022
       0
 8174923
       0
 8098207
       0
 8009983
       0
 7910377
       0
 7799530
       0
 7677599
       0
 7544757
       0
 7401194
       0
 7247114
       0
 7082735
       0
 6908291
       0
 6724030
       0
 6530214
       0
 6327118
       0
 6115031
       0
 5894254
       0
 5665102
       0
 5427898
       0
 5182981
       0
 4930699
       0
 4671411
       0
 4405484
       0
 4133296
       0
 3855235
       0
 3571695
       0
 3283080
       0
 2989799
       0
 2692270
       0
 2390915
       0
 2086162
       0
 1778444
       0
 1468200
       0
 1155869
       0
  841895
       0
  526725
       0
  210806
       0
 -105412
       0
 -421480
       0
 -736949
       0
-1051371
       0
-1364299
       0
-1675289
       0
-1983897
       0
-2289687
       0
-2592222
       0
-2891074
       0
-3185818
       0
-3476034
       0
-3761311
       0
-4041242
       0
-4315431
       0
-4583487
       0
-4845030
       0
-5099688
       0
-5347099
       0
-5586912
       0
-5818785
       0
-6042389
       0
-6257407
       0
-6463533
       0
-6660473
       0
-6847949
       0
-7025694
       0
-7193454
       0
-7350992
       0
-7498084
       0
-7634521
       0
-7760109
       0
-7874669
       0
-7978039
       0
-8070072
       0
-8150637
       0
-8219619
       0
-8276921
       0
-8322460
       0
-8356173
       0
-8378012
       0
-8387945
       0
-8385958
       0
-8372054
       0
-8346253
       0
-8308592
       0
-8259123
       0
-8197918
       0
-8125063
       0
-8040663
       0
-7944835
       0
-7837718
       0
-7719463
       0
-7590239
       0
-7450228
       0
-7299630
       0
-7138658
       0
-6967543
       0
-6786526
       0
-6595865
       0
-6395831
       0
-6186708
       0
-5968793
       0
-5742397
       0
-5507840
       0
-5265456
       0
-5015590
       0
-4758596
       0
-4494840
       0
-4224697
       0
-3948550
       0
-3666792
       0
-3379824
       0
-3088052
       0
-2791892
       0
-2491765
       0
-2188097
       0
-1881319
       0
-1571868
       0
-1260183
       0
 -946708
       0
 -631887
       0
 -316168
       0
       0
       0
  316168
       0
  631887
       0
  946708
       0
 1260183
       0
 1571868
       0
 1881319
       0
 2188097
       0
 2491765
       0
 2791892
       0
 3088052
       0
 3379824
       0
 3666792
       0
 3948550
       0
 4224697
       0
 4494840
       0
 4758596
       0
 5015590
       0
 5265456
       0
 5507840
       0
 5742397
       0
 5968793
       0
 6186708
       0
 6395831
       0
 6595865
       0
 6786526
       0
 6967543
       0
 7138658
       0
 7299630
       0
 7450228
       0
 7590239
       0
 7719463
       0
 7837718
       0
 7944835
       0
 8040663
       0
 8125063
       0
 8197918
       0
 8259123
       0
 8308592
       0
 8346253
       0
 8372054
       0
 8385958
       0
 8387945
       0
 8378012
       0
 8356173
       0
 8322460
       0
 8276921
       0
 8219619
       0
 8150637
       0
 8070072
       0
 7978039
       0
 7874669
       0
 7760109
       0
 7634521
       0
 7498084
       0
 7350992
       0
 7193454
       0
 7025694
       0
 6847949
       0
 6660473
       0
 6463533
       0
 6257407
       0
 6042389
       0
 5818785
       0
 5586912
       0
 5347099
       0
 5099688
       0
 4845030
       0
 4583487
       0
 4315431
       0
 4041242
       0
 3761311
       0
 3476034
       0
 3185818
       0
 2891074
       0
 2592222
       0
 2289687
       0
 1983897
       0
 1675289
       0
 1364299
       0
 1051371
       0
  736949
       0
  421480
       0
  105412
       0
 -210806
       0
 -526725
       0
 -841895
       0
-1155869
       0
-1468200
       0
-1778444
       0
-2086162
       0
-2390915
       0
-2692270
       0
-2989799
       0
-3283080
       0
-3571695
       0
-3855235
       0
-4133296
       0
-4405484
       0
-4671411
       0
-4930699
       0
-5182981
       0
-5427898
       0
-5665102
       0
-5894254
       0
-6115031
       0
-6327118
       0
-6530214
       0
-6724030
       0
-6908291
       0
-7082735
       0
-7247114
       0
-7401194
       0
-7544757
       0
-7677599
       0
-7799530
       0
-7910377
       0
-8009983
       0
-8098207
       0
-8174923
       0
-8240022
       0
-8293411
       0
-8335015
       0
-8364774
       0
-8382647
       0
-8388607
       0
-8382647
       0
-8364774
       0
-8335015
       0
-8293411
       0
-8240022
       0
-8174923
       0
-8098207
       0
-8009983
       0
-7910377
       0
-7799530
       0
-7677599
       0
-7544757
       0
-7401194
       0
-7247114
       0
-7082735
       0
-6908291
       0
-6724030
       0
-6530214
       0
-6327118
       0
-6115031
       0
-5894254
       0
-5665102
       0
-5427898
       0
-5182981
       0
-4930699
       0
-4671411
       0
-4405484
       0
-4133296
       0
-3855235
       0
-3571695
       0
-3283080
       0
-2989799
       0
-2692270
       0
-2390915
       0
-2086162
       0
-1778444
       0
-1468200
       0
-1155869
       0
 -841895
       0
 -526725
       0
 -210806
       0
  105412
       0
  421480
       0
  736949
       0
 1051371
       0
 1364299
       0
 1675289
       0
 1983897
       0
 2289687
       0
 2592222
       0
 2891074
       0
 3185818
       0
 3476034
       0
 3761311
       0
 4041242
       0
 4315431
       0
 4583487
       0
 4845030
       0
 5099688
       0
 5347099
       0
 5586912
       0
 5818785
       0
 6042389
       0
 6257407
       0
 6463533
       0
 6660473
       0
 6847949
       0
 7025694
       0
 7193454
       0
 7350992
       0
 7498084
       0
 7634521
       0
 7760109
       0
 7874669
       0
 7978039
       0
 8070072
       0
 8150637
       0
 8219619
       0
 8276921
       0
 8322460
       0
 8356173
       0
 8378012
       0
 8387945
       0
 8385958
       0
 8372054
       0
 8346253
       0
 8308592
       0
 8259123
       0
 8197918
       0
 8125063
       0
 8040663
       0
 7944835
       0
 7837718
       0
 7719463
       0
 7590239
       0
 7450228
       0
 7299630
       0
 7138658
       0
 6967543
       0
 6786526
       0
 6595865
       0
 6395831
       0
 6186708
       0
 5968793
       0
 5742397
       0
 5507840
       0
 5265456
       0
 5015590
       0
 4758596
       0
 4494840
       0
 4224697
       0
 3948550
       0
 3666792
       0
 3379824
       0
 3088052
       0
 2791892
       0
 2491765
       0
 2188097
       0
 1881319
       0
 1571868
       0
 1260183
       0
  946708
       0
  631887
       0
  316168
       0
       0
       0
 -316168
       0
 -631887
       0
 -946708
       0
-1260183
       0
-1571868
       0
-1881319
       0
-2188097
       0
-2491765
       0
-2791892
       0
-3088052
       0
-3379824
       0
-3666792
       0
-3948550
       0
-4224697
       0
-4494840
       0
-4758596
       0
-5015590
       0
-5265456
       0
-5507840
       0
-5742397
       0
-5968793
       0
-6186708
       0
-6395831
       0
-6595865
       0
-6786526
       0
-6967543
       0
-7138658
       0
-7299630
       0
-7450228
       0
-7590239
       0
-7719463
       0
-7837718
       0
-7944835
       0
-8040663
       0
-8125063
       0
-8197918
       0
-8259123
       0
-8308592
       0
-8346253
       0
-8372054
       0
-8385958
       0
-8387945
       0
-8378012
       0
-8356173
       0
-8322460
       0
-8276921
       0
-8219619
       0
-8150637
       0
-8070072
       0
-7978039
       0
-7874669
       0
-7760109
       0
-7634521
       0
-7498084
       0
-7350992
       0
-7193454
       0
-7025694
       0
-6847949
       0
-6660473
       0
-6463533
       0
-6257407
       0
-6042389
       0
-5818785
       0
-5586912
       0
-5347099
       0
-5099688
       0
-4845030
       0
-4583487
       0
-4315431
       0
-4041242
       0
-3761311
       0
-3476034
       0
-3185818
       0
-2891074
       0
-2592222
       0
-2289687
       0
-1983897
       0
-1675289
       0
-1364299
       0
-1051371
       0
 -736949
       0
 -421480
       0
 -105412
       0
  210806
       0
  526725
       0
  841895
       0
 1155869
       0
 1468200
       0
 1778444
       0
 2086162
       0
 2390915
       0
 2692270
       0
 2989799
       0
 3283080
       0
 3571695
       0
 3855235
       0
 4133296
       0
 4405484
       0
 4671411
       0
 4930699
       0
 5182981
       0
 5427898
       0
 5665102
       0
 5894254
       0
 6115031
       0
 6327118
       0
 6530214
       0
 6724030
       0
 6908291
       0
 7082735
       0
 7247114
       0
 7401194
       0
 7544757
       0
 7677599
       0
 7799530
       0
 7910377
       0
 8009983
       0
 8098207
       0
 8174923
       0
 8240022
       0
 8293411
       0
 8335015
       0
 8364774
       0
 8382647
       0
 8388607
       0
 8382647
       0
 8364774
       0
 8335015
       0
 8293411
       0
 8240022
       0
 8174923
       0
 8098207
       0
 8009983
       0
 7910377
       0
 7799530
       0
 7677599
       0
 7544757
       0
 7401194
       0
 7247114
       0
 7082735
       0
 6908291
       0
 6724030
       0
 6530214
       0
 6327118
       0
 6115031
       0
 5894254
       0
 5665102
       0
 5427898
       0
 5182981
       0
 4930699
       0
 4671411
       0
 4405484
       0
 4133296
       0
 3855235
       0
 3571695
       0
 3283080
       0
 2989799
       0
 2692270
       0
 2390915
       0
 2086162
       0
 1778444
       0
 1468200
       0
 1155869
       0
  841895
       0
  526725
       0
  210806
       0
 -105412
       0
 -421480
       0
 -736949
       0
-1051371
       0
-1364299
       0
-1675289
       0
-1983897
       0
-2289687
       0
-2592222
       0
-2891074
       0
-3185818
       0
-3476034
       0
-3761311
       0
-4041242
       0
-4315431
       0
-4583487
       0
-4845030
       0
-5099688
       0
-5347099
       0
-5586912
       0
-5818785
       0
-6042389
       0
-6257407
       0
-6463533
       0
-6660473
       0
-6847949
       0
-7025694
       0
-7193454
       0
-7350992
       0
-7498084
       0
-7634521
       0
-7760109
       0
-7874669
       0
-7978039
       0
-8070072
       0
-8150637
       0
-8219619
       0
-8276921
       0
-8322460
       0
-8356173
       0
-8378012
       0
-8387945
       0
-8385958
       0
-8372054
       0
-8346253
       0
-8308592
       0
-8259123
       0
-8197918
       0
-8125063
       0
-8040663
       0
-7944835
       0
-7837718
       0
-7719463
       0
-7590239
       0
-7450228
       0
-7299630
       0
-7138658
       0
-6967543
       0
-6786526
       0
-6595865
       0
-6395831
       0
-6186708
       0
-5968793
       0
-5742397
       0
-5507840
       0
-5265456
       0
-5015590
       0
-4758596
       0
-4494840
       0
-4224697
       0
-3948550
       0
-3666792
       0
-3379824
       0
-3088052
       0
-2791892
       0
-2491765
       0
-2188097
       0
-1881319
       0
-1571868
       0
-1260183
       0
 -946708
       0
 -631887
       0
 -316168
       0
       0
       0
  316168
       0
  631887
       0
  946708
       0
 1260183
       0
 1571868
       0
 1881319
       0
 2188097
       0
 2491765
       0
 2791892
       0
 3088052
       0
 3379824
       0
 3666792
       0
 3948550
       0
 4224697
       0
 4494840
       0
 4758596
       0
 5015590
       0
 5265456
       0
 5507840
       0
 5742397
       0
 5968793
       0
 6186708
       0
 6395831
       0
 6595865
       0
 6786526
       0
 6967543
       0
 7138658
       0
 7299630
       0
 7450228
       0
 7590239
       0
 7719463
       0
 7837718
       0
 7944835
       0
 8040663
       0
 8125063
       0
 8197918
       0
 8259123
       0
 8308592
       0
 8346253
       0
 8372054
       0
 8385958
       0
 8387945
       0
 8378012
       0
 8356173
       0
 8322460
       0
 8276921
       0
 8219619
       0
 8150637
       0
 8070072
       0
 7978039
       0
 7874669
       0
 7760109
       0
 7634521
       0
 7498084
       0
 7350992
       0
 7193454
       0
 7025694
       0
 6847949
       0
 6660473
       0
 6463533
       0
 6257407
       0
 6042389
       0
 5818785
       0
 5586912
       0
 5347099
       0
 5099688
       0
 4845030
       0
 4583487
       0
 4315431
       0
 4041242
       0
 3761311
       0
 3476034
       0
 3185818
       0
 2891074
       0
 2592222
       0
 2289687
       0
 1983897
       0
 1675289
       0
 1364299
       0
 1051371
       0
  736949
       0
  421480
       0
  105412
       0
 -210806
       0
 -526725
       0
 -841895
       0
-1155869
       0
-1468200
       0
-1778444
       0
-2086162
       0
-2390915
       0
-2692270
       0
-2989799
       0
-3283080
       0
-3571695
       0
-3855235
       0
-4133296
       0
-4405484
       0
-4671411
       0
-4930699
       0
-5182981
       0
-5427898
       0
-5665102
       0
-5894254
       0
-6115031
       0
-6327118
       0
-6530214
       0
-6724030
       0
-6908291
       0
-7082735
       0
-7247114
       0
-7401194
       0
-7544757
       0
-7677599
       0
-7799530
       0
-7910377
       0
-8009983
       0
-8098207
       0
-8174923
       0
-8240022
       0
-8293411
       0
-8335015
       0
-8364774
       0
-8382647
       0
-8388607
       0
-8382647
       0
-8364774
       0
-8335015
       0
-8293411
       0
-8240022
       0
-8174923
       0
-8098207
       0
-8009983
       0
-7910377
       0
-7799530
       0
-7677599
       0
-7544757
       0
-7401194
       0
-7247114
       0
-7082735
       0
-6908291
       0
-6724030
       0
-6530214
       0
-6327118
       0
-6115031
       0
-5894254
       0
-5665102
       0
-5427898
       0
-5182981
       0
-4930699
       0
-4671411
       0
-4405484
       0
-4133296
       0
-3855235
       0
-3571695
       0
-3283080
       0
-2989799
       0
-2692270
       0
-2390915
       0
-2086162
       0
-1778444
       0
-1468200
       0
-1155869
       0
 -841895
       0
 -526725
       0
 -210806
       0
  105412
       0
  421480
       0
  736949
       0
 1051371
       0
 1364299
       0
 1675289
       0
 1983897
       0
 2289687
       0
 2592222
       0
 2891074
       0
 3185818
       0
 3476034
       0
 3761311
       0
 4041242
       0
 4315431
       0
 4583487
       0
 4845030
       0
 5099688
       0
 5347099
       0
 5586912
       0
 5818785
       0
 6042389
       0
 6257407
       0
 6463533
       0
 6660473
       0
 6847949
       0
 7025694
       0
 7193454
       0
 7350992
       0
 7498084
       0
 7634521
       0
 7760109
       0
 7874669
       0
 7978039
       0
 8070072
       0
 8150637
       0
 8219619
       0
 8276921
       0
 8322460
       0
 8356173
       0
 8378012
       0
 8387945
       0
 8385958
       0
 8372054
       0
 8346253
       0
 8308592
       0
 8259123
       0
 8197918
       0
 8125063
       0
 8040663
       0
 7944835
       0
 7837718
       0
 7719463
       0
 7590239
       0
 7450228
       0
 7299630
       0
 7138658
       0
 6967543
       0
 6786526
       0
 6595865
       0
 6395831
       0
 6186708
       0
 5968793
       0
 5742397
       0
 5507840
       0
 5265456
       0
 5015590
       0
 4758596
       0
 4494840
       0
 4224697
       0
 3948550
       0
 3666792
       0
 3379824
       0
 3088052
       0
 2791892
       0
 2491765
       0
 2188097
       0
 1881319
       0
 1571868
       0
 1260183
       0
  946708
       0
  631887
       0
  316168
       0
       0
       0
 -316168
       0
 -631887
       0
 -946708
       0
-1260183
       0
-1571868
       0
-1881319
       0
-2188097
       0
-2491765
       0
-2791892
       0
-3088052
       0
-3379824
       0
-3666792
       0
-3948550
       0
-4224697
       0
-4494840
       0
-4758596
       0
-5015590
       0
-5265456
       0
-5507840
       0
-5742397
       0
-5968793
       0
-6186708
       0
-6395831
       0
-6595865
       0
-6786526
       0
-6967543
       0
-7138658
       0
-7299630
       0
-7450228
       0
-7590239
       0
-7719463
       0
-7837718
       0
-7944835
       0
-8040663
       0
-8125063
       0
-8197918
       0
-8259123
       0
-8308592
       0
-8346253
       0
-8372054
       0
-8385958
       0
-8387945
       0
-8378012
       0
-8356173
       0
-8322460
       0
-8276921
       0
-8219619
       0
-8150637
       0
-8070072
       0
-7978039
       0
-7874669
       0
-7760109
       0
-7634521
       0
-7498084
       0
-7350992
       0
-7193454
       0
-7025694
       0
-6847949
       0
-6660473
       0
-6463533
       0
-6257407
       0
-6042389
       0
-5818785
       0
-5586912
       0
-5347099
       0
-5099688
       0
-4845030
       0
-4583487
       0
-4315431
       0
-4041242
       0
-3761311
       0
-3476034
       0
-3185818
       0
-2891074
       0
-2592222
       0
-2289687
       0
-1983897
       0
-1675289
       0
-1364299
       0
-1051371
       0
 -736949
       0
 -421480
       0
 -105412
       0
  210806
       0
  526725
       0
  841895
       0
 1155869
       0
 1468200
       0
 1778444
       0
 2086162
       0
 2390915
       0
 2692270
       0
 2989799
       0
 3283080
       0
 3571695
       0
 3855235
       0
 4133296
       0
 4405484
       0
 4671411
       0
 4930699
       0
 5182981
       0
 5427898
       0
 5665102
       0
 5894254
       0
 6115031
       0
 6327118
       0
 6530214
       0
 6724030
       0
 6908291
       0
 7082735
       0
 7247114
       0
 7401194
       0
 7544757
       0
 7677599
       0
 7799530
       0
 7910377
       0
 8009983
       0
 8098207
       0
 8174923
       0
 8240022
       0
 8293411
       0
 8335015
       0
 8364774
       0
 8382647
       0
 8388607
       0
 8382647
       0
 8364774
       0
 8335015
       0
 8293411
       0
 8240022
       0
 8174923
       0
 8098207
       0
 8009983
       0
 7910377
       0
 7799530
       0
 7677599
       0
 7544757
       0
 7401194
       0
 7247114
       0
 7082735
       0
 6908291
       0
 6724030
       0
 6530214
       0
 6327118
       0
 6115031
       0
 5894254
       0
 5665102
       0
 5427898
       0
 5182981
       0
 4930699
       0
 4671411
       0
 4405484
       0
 4133296
       0
 3855235
       0
 3571695
       0
 3283080
       0
 2989799
       0
 2692270
       0
 2390915
       0
 2086162
       0
 1778444
       0
 1468200
       0
 1155869
       0
  841895
       0
  526725
       0
  210806
       0
 -105412
       0
 -421480
       0
 -736949
       0
-1051371
       0
-1364299
       0
-1675289
       0
-1983897
       0
-2289687
       0
-2592222
       0
-2891074
       0
-3185818
       0
-3476034
       0
-3761311
       0
-4041242
       0
-4315431
       0
-4583487
       0
-4845030
       0
-5099688
       0
-5347099
       0
-5586912
       0
-5818785
       0
-6042389
       0
-6257407
       0
-6463533
       0
-6660473
       0
-6847949
       0
-7025694
       0
-7193454
       0
-7350992
       0
-7498084
       0
-7634521
       0
-7760109
       0
-7874669
       0
-7978039
       0
-8070072
       0
-8150637
       0
-8219619
       0
-8276921
       0
-8322460
       0
-8356173
       0
-8378012
       0
-8387945
       0
-8385958
       0
-8372054
       0
-8346253
       0
-8308592
       0
-8259123
       0
-8197918
       0
-8125063
       0
-8040663
       0
-7944835
       0
-7837718
       0
-7719463
       0
-7590239
       0
-7450228
       0
-7299630
       0
-7138658
       0
-6967543
       0
-6786526
       0
-6595865
       0
-6395831
       0
-6186708
       0
-5968793
       0
-5742397
       0
-5507840
       0
-5265456
       0
-5015590
       0
-4758596
       0
-4494840
       0
-4224697
       0
-3948550
       0
-3666792
       0
-3379824
       0
-3088052
       0
-2791892
       0
-2491765
       0
-2188097
       0
-1881319
       0
-1571868
       0
-1260183
       0
 -946708
       0
 -631887
       0
 -316168
       0
       0
       0
  316168
       0
  631887
       0
  946708
       0
 1260183
       0
 1571868
       0
 1881319
       0
 2188097
       0
 2491765
       0
 2791892
       0
 3088052
       0
 3379824
       0
 3666792
       0
 3948550
       0
 4224697
       0
 4494840
       0
 4758596
       0
 5015590
       0
 5265456
       0
 5507840
       0
 5742397
       0
 5968793
       0
 6186708
       0
 6395831
       0
 6595865
       0
 6786526
       0
 6967543
       0
 7138658
       0
 7299630
       0
 7450228
       0
 7590239
       0
 7719463
       0
 7837718
       0
 7944835
       0
 8040663
       0
 8125063
       0
 8197918
       0
 8259123
       0
 8308592
       0
 8346253
       0
 8372054
       0
 8385958
       0
 8387945
       0
 8378012
       0
 8356173
       0
 8322460
       0
 8276921
       0
 8219619
       0
 8150637
       0
 8070072
       0
 7978039
       0
 7874669
       0
 7760109
       0
 7634521
       0
 7498084
       0
 7350992
       0
 7193454
       0
 7025694
       0
 6847949
       0
 6660473
       0
 6463533
       0
 6257407
       0
 6042389
       0
 5818785
       0
 5586912
       0
 5347099
       0
 5099688
       0
 4845030
       0
 4583487
       0
 4315431
       0
 4041242
       0
 3761311
       0
 3476034
       0
 3185818
       0
 2891074
       0
 2592222
       0
 2289687
       0
 1983897
       0
 1675289
       0
 1364299
       0
 1051371
       0
  736949
       0
  421480
       0
  105412
       0
 -210806
       0
 -526725
       0
 -841895
       0
-1155869
       0
-1468200
       0
-1778444
       0
-2086162
       0
-2390915
       0
-2692270
       0
-2989799
       0
-3283080
       0
-3571695
       0
-3855235
       0
-4133296
       0
-4405484
       0
-4671411
       0
-4930699
       0
-5182981
       0
-5427898
       0
-5665102
       0
-5894254
       0
-6115031
       0
-6327118
       0
-6530214
       0
-6724030
       0
-6908291
       0
-7082735
       0
-7247114
       0
-7401194
       0
-7544757
       0
-7677599
       0
-7799530
       0
-7910377
       0
-8009983
       0
-8098207
       0
-8174923
       0
-8240022
       0
-8293411
       0
-8335015
       0
-8364774
       0
-8382647
       0
-8388607
       0
-8382647
       0
-8364774
       0
-8335015
       0
-8293411
       0
-8240022
       0
-8174923
       0
-8098207
       0
-8009983
       0
-7910377
       0
-7799530
       0
-7677599
       0
-7544757
       0
-7401194
       0
-7247114
       0
-7082735
       0
-6908291
       0
-6724030
       0
-6530214
       0
-6327118
       0
-6115031
       0
-5894254
       0
-5665102
       0
-5427898
       0
-5182981
       0
-4930699
       0
-4671411
       0
-4405484
       0
-4133296
       0
-3855235
       0
-3571695
       0
-3283080
       0
-2989799
       0
-2692270
       0
-2390915
       0
-2086162
       0
-1778444
       0
-1468200
       0
-1155869
       0
 -841895
       0
 -526725
       0
 -210806
       0
  105412
       0
  421480
       0
  736949
       0
 1051371
       0
 1364299
       0
 1675289
       0
 1983897
       0
 2289687
       0
 2592222
       0
 2891074
       0
 3185818
       0
 3476034
       0
 3761311
       0
 4041242
       0
 4315431
       0
 4583487
       0
 4845030
       0
 5099688
       0
 5347099
       0
 5586912
       0
 5818785
       0
 6042389
       0
 6257407
       0
 6463533
       0
 6660473
       0
 6847949
       0
 7025694
       0
 7193454
       0
 7350992
       0
 7498084
       0
 7634521
       0
 7760109
       0
 7874669
       0
 7978039
       0
 8070072
       0
 8150637
       0
 8219619
       0
 8276921
       0
 8322460
       0
 8356173
       0
 8378012
       0
 8387945
       0
 8385958
       0
 8372054
       0
 8346253
       0
 8308592
       0
 8259123
       0
 8197918
       0
 8125063
       0
 8040663
       0
 7944835
       0
 7837718
       0
 7719463
       0
 7590239
       0
 7450228
       0
 7299630
       0
 7138658
       0
 6967543
       0
 6786526
       0
 6595865
       0
 6395831
       0
 6186708
       0
 5968793
       0
 5742397
       0
 5507840
       0
 5265456
       0
 5015590
       0
 4758596
       0
 4494840
       0
 4224697
       0
 3948550
       0
 3666792
       0
 3379824
       0
 3088052
       0
 2791892
       0
 2491765
       0
 2188097
       0
 1881319
       0
 1571868
       0
 1260183
       0
  946708
       0
  631887
       0
  316168
       0
       0
       0
 -316168
       0
 -631887
       0
 -946708
       0
-1260183
       0
-1571868
       0
-1881319
       0
-2188097
       0
-2491765
       0
-2791892
       0
-3088052
       0
-3379824
       0
-3666792
       0
-3948550
       0
-4224697
       0
-4494840
       0
-4758596
       0
-5015590
       0
-5265456
       0
-5507840
       0
-5742397
       0
-5968793
       0
-6186708
       0
-6395831
       0
-6595865
       0
-6786526
       0
-6967543
       0
-7138658
       0
-7299630
       0
-7450228
       0
-7590239
       0
-7719463
       0
-7837718
       0
-7944835
       0
-8040663
       0
-8125063
       0
-8197918
       0
-8259123
       0
-8308592
       0
-8346253
       0
-8372054
       0
-8385958
       0
-8387945
       0
-8378012
       0
-8356173
       0
-8322460
       0
-8276921
       0
-8219619
       0
-8150637
       0
-8070072
       0
-7978039
       0
-7874669
       0
-7760109
       0
-7634521
       0
-7498084
       0
-7350992
       0
-7193454
       0
-7025694
       0
-6847949
       0
-6660473
       0
-6463533
       0
-6257407
       0
-6042389
       0
-5818785
       0
-5586912
       0
-5347099
       0
-5099688
       0
-4845030
       0
-4583487
       0
-4315431
       0
-4041242
       0
-3761311
       0
-3476034
       0
-3185818
       0
-2891074
       0
-2592222
       0
-2289687
       0
-1983897
       0
-1675289
       0
-1364299
       0
-1051371
       0
 -736949
       0
 -421480
       0
 -105412
       0
  210806
       0
  526725
       0
  841895
       0
 1155869
       0
 1468200
       0
 1778444
       0
 2086162
       0
 2390915
       0
 2692270
       0
 2989799
       0
 3283080
       0
 3571695
       0
 3855235
       0
 4133296
       0
 4405484
       0
 4671411
       0
 4930699
       0
 5182981
       0
 5427898
       0
 5665102
       0
 5894254
       0
 6115031
       0
 6327118
       0
 6530214
       0
 6724030
       0
 6908291
       0
 7082735
       0
 7247114
       0
 7401194
       0
 7544757
       0
 7677599
       0
 7799530
       0
 7910377
       0
 8009983
       0
 8098207
       0
 8174923
       0
 8240022
       0
 8293411
       0
 8335015
       0
 8364774
       0
 8382647
       0
 8388607
       0
 8382647
       0
 8364774
       0
 8335015
       0
 8293411
       0
 8240022
       0
 8174923
       0
 8098207
       0
 8009983
       0
 7910377
       0
 7799530
       0
 7677599
       0
 7544757
       0
 7401194
       0
 7247114
       0
 7082735
       0
 6908291
       0
 6724030
       0
 6530214
       0
 6327118
       0
 6115031
       0
 5894254
       0
 5665102
       0
 5427898
       0
 5182981
       0
 4930699
       0
 4671411
       0
 4405484
       0
 4133296
       0
 3855235
       0
 3571695
       0
 3283080
       0
 2989799
       0
 2692270
       0
 2390915
       0
 2086162
       0
 1778444
       0
 1468200
       0
 1155869
       0
  841895
       0
  526725
       0
  210806
       0
 -105412
       0
 -421480
       0
 -736949
       0
-1051371
       0
-1364299
       0
-1675289
       0
-1983897
       0
-2289687
       0
-2592222
       0
-2891074
       0
-3185818
       0
-3476034
       0
-3761311
       0
-4041242
       0
-4315431
       0
-4583487
       0
-4845030
       0
-5099688
       0
-5347099
       0
-5586912
       0
-5818785
       0
-6042389
       0
-6257407
       0
-6463533
       0
-6660473
       0
-6847949
       0
-7025694
       0
-7193454
       0
-7350992
       0
-7498084
       0
-7634521
       0
-7760109
       0
-7874669
       0
-7978039
       0
-8070072
       0
-8150637
       0
-8219619
       0
-8276921
       0
-8322460
       0
-8356173
       0
-8378012
       0
-8387945
       0
-8385958
       0
-8372054
       0
-8346253
       0
-8308592
       0
-8259123
       0
-8197918
       0
-8125063
       0
-8040663
       0
-7944835
       0
-7837718
       0
-7719463
       0
-7590239
       0
-7450228
       0
-7299630
       0
-7138658
       0
-6967543
       0
-6786526
       0
-6595865
       0
-6395831
       0
-6186708
       0
-5968793
       0
-5742397
       0
-5507840
       0
-5265456
       0
-5015590
       0
-4758596
       0
-4494840
       0
-4224697
       0
-3948550
       0
-3666792
       0
-3379824
       0
-3088052
       0
-2791892
       0
-2491765
       0
-2188097
       0
-1881319
       0
-1571868
       0
-1260183
       0
 -946708
       0
 -631887
       0
 -316168
       0
       0
       0
  316168
       0
  631887
       0
  946708
       0
 1260183
       0
 1571868
       0
 1881319
       0
 2188097
       0
 2491765
       0
 2791892
       0
 3088052
       0
 3379824
       0
 3666792
       0
 3948550
       0
 4224697
       0
 4494840
       0
 4758596
       0
 5015590
       0
 5265456
       0
 5507840
       0
 5742397
       0
 5968793
       0
 6186708
       0
 6395831
       0
 6595865
       0
 6786526
       0
 6967543
       0
 7138658
       0
 7299630
       0
 7450228
       0
 7590239
       0
 7719463
       0
 7837718
       0
 7944835
       0
 8040663
       0
 8125063
       0
 8197918
       0
 8259123
       0
 8308592
       0
 8346253
       0
 8372054
       0
 8385958
       0
 8387945
       0
 8378012
       0
 8356173
       0
 8322460
       0
 8276921
       0
 8219619
       0
 8150637
       0
 8070072
       0
 7978039
       0
 7874669
       0
 7760109
       0
 7634521
       0
 7498084
       0
 7350992
       0
 7193454
       0
 7025694
       0
 6847949
       0
 6660473
       0
 6463533
       0
 6257407
       0
 6042389
       0
 5818785
       0
 5586912
       0
 5347099
       0
 5099688
       0
 4845030
       0
 4583487
       0
 4315431
       0
 4041242
       0
 3761311
       0
 3476034
       0
 3185818
       0
 2891074
       0
 2592222
       0
 2289687
       0
 1983897
       0
 1675289
       0
 1364299
       0
 1051371
       0
  736949
       0
  421480
       0
  105412
       0
 -210806
       0
 -526725
       0
 -841895
       0
-1155869
       0
-1468200
       0
-1778444
       0
-2086162
       0
-2390915
       0
-2692270
       0
-2989799
       0
-3283080
       0
-3571695
       0
-3855235
       0
-4133296
       0
-4405484
       0
-4671411
       0
-4930699
       0
-5182981
       0
-5427898
       0
-5665102
       0
-5894254
       0
-6115031
       0
-6327118
       0
-6530214
       0
-6724030
       0
-6908291
       0
-7082735
       0
-7247114
       0
-7401194
       0
-7544757
       0
-7677599
       0
-7799530
       0
-7910377
       0
-8009983
       0
-8098207
       0
-8174923
       0
-8240022
       0
-8293411
       0
-8335015
       0
-8364774
       0
-8382647
       0
-8388607
       0
-8382647
       0
-8364774
       0
-8335015
       0
-8293411
       0
-8240022
       0
-8174923
       0
-8098207
       0
-8009983
       0
-7910377
       0
-7799530
       0
-7677599
       0
-7544757
       0
-7401194
       0
-7247114
       0
-7082735
       0
-6908291
       0
-6724030
       0
-6530214
       0
-6327118
       0
-6115031
       0
-5894254
       0
-5665102
       0
-5427898
       0
-5182981
       0
-4930699
       0
-4671411
       0
-4405484
       0
-4133296
       0
-3855235
       0
-3571695
       0
-3283080
       0
-2989799
       0
-2692270
       0
-2390915
       0
-2086162
       0
-1778444
       0
-1468200
       0
-1155869
       0
 -841895
       0
 -526725
       0
 -210806
       0
  105412
       0
  421480
       0
  736949
       0
 1051371
       0
 1364299
       0
 1675289
       0
 1983897
       0
 2289687
       0
 2592222
       0
 2891074
       0
 3185818
       0
 3476034
       0
 3761311
       0
 4041242
       0
 4315431
       0
 4583487
       0
 4845030
       0
 5099688
       0
 5347099
       0
 5586912
       0
 5818785
       0
 6042389
       0
 6257407
       0
 6463533
       0
 6660473
       0
 6847949
       0
 7025694
       0
 7193454
       0
 7350992
       0
 7498084
       0
 7634521
       0
 7760109
       0
 7874669
       0
 7978039
       0
 8070072
       0
 8150637
       0
 8219619
       0
 8276921
       0
 8322460
       0
 8356173
       0
 8378012
       0
 8387945
       0
 8385958
       0
 8372054
       0
 8346253
       0
 8308592
       0
 8259123
       0
 8197918
       0
 8125063
       0
 8040663
       0
 7944835
       0
 7837718
       0
 7719463
       0
 7590239
       0
 7450228
       0
 7299630
       0
 7138658
       0
 6967543
       0
 6786526
       0
 6595865
       0
 6395831
       0
 6186708
       0
 5968793
       0
 5742397
       0
 5507840
       0
 5265456
       0
 5015590
       0
 4758596
       0
 4494840
       0
 4224697
       0
 3948550
       0
 3666792
       0
 3379824
       0
 3088052
       0
 2791892
       0
 2491765
       0
 2188097
       0
 1881319
       0
 1571868
       0
 1260183
       0
  946708
       0
  631887
       0
  316168
       0
       0
       0
 -316168
       0
 -631887
       0
 -946708
       0
-1260183
       0
-1571868
       0
-1881319
       0
-2188097
       0
-2491765
       0
-2791892
       0
-3088052
       0
-3379824
       0
-3666792
       0
-3948550
       0
-4224697
       0
-4494840
       0
-4758596
       0
-5015590
       0
-5265456
       0
-5507840
       0
-5742397
       0
-5968793
       0
-6186708
       0
-6395831
       0
-6595865
       0
-6786526
       0
-6967543
       0
-7138658
       0
-7299630
       0
-7450228
       0
-7590239
       0
-7719463
       0
-7837718
       0
-7944835
       0
-8040663
       0
-8125063
       0
-8197918
       0
-8259123
       0
-8308592
       0
-8346253
       0
-8372054
       0
-8385958
       0
-8387945
       0
-8378012
       0
-8356173
       0
-8322460
       0
-8276921
       0
-8219619
       0
-8150637
       0
-8070072
       0
-7978039
       0
-7874669
       0
-7760109
       0
-7634521
       0
-7498084
       0
-7350992
       0
-7193454
       0
-7025694
       0
-6847949
       0
-6660473
       0
-6463533
       0
-6257407
       0
-6042389
       0
-5818785
       0
-5586912
       0
-5347099
       0
-5099688
       0
-4845030
       0
-4583487
       0
-4315431
       0
-4041242
       0
-3761311
       0
-3476034
       0
-3185818
       0
-2891074
       0
-2592222
       0
-2289687
       0
-1983897
       0
-1675289
       0
-1364299
       0
-1051371
       0
 -736949
       0
 -421480
       0
 -105412
       0
  210806
       0
  526725
       0
  841895
       0
 1155869
       0
 1468200
       0
 1778444
       0
 2086162
       0
 2390915
       0
 2692270
       0
 2989799
       0
 3283080
       0
 3571695
       0
 3855235
       0
 4133296
       0
 4405484
       0
 4671411
       0
 4930699
       0
 5182981
       0
 5427898
       0
 5665102
       0
 5894254
       0
 6115031
       0
 6327118
       0
 6530214
       0
 6724030
       0
 6908291
       0
 7082735
       0
 7247114
       0
 7401194
       0
 7544757
       0
 7677599
       0
 7799530
       0
 7910377
       0
 8009983
       0
 8098207
       0
 8174923
       0
 8240022
       0
 8293411
       0
 8335015
       0
 8364774
       0
 8382647
       0
 8388607
       0
 8382647
       0
 8364774
       0
 8335015
       0
 8293411
       0
 8240022
       0
 8174923
       0
 8098207
       0
 8009983
       0
 7910377
       0
 7799530
       0
 7677599
       0
 7544757
       0
 7401194
       0
 7247114
       0
 7082735
       0
 6908291
       0
 6724030
       0
 6530214
       0
 6327118
       0
 6115031
       0
 5894254
       0
 5665102
       0
 5427898
       0
 5182981
       0
 4930699
       0
 4671411
       0
 4405484
       0
 4133296
       0
 3855235
       0
 3571695
       0
 3283080
       0
 2989799
       0
 2692270
       0
 2390915
       0
 2086162
       0
 1778444
       0
 1468200
       0
 1155869
       0
  841895
       0
  526725
       0
  210806
       0
 -105412
       0
 -421480
       0
 -736949
       0
-1051371
       0
-1364299
       0
-1675289
       0
-1983897
       0
-2289687
       0
-2592222
       0
-2891074
       0
-3185818
       0
-3476034
       0
-3761311
       0
-4041242
       0
-4315431
       0
-4583487
       0
-4845030
       0
-5099688
       0
-5347099
       0
-5586912
       0
-5818785
       0
-6042389
       0
-6257407
       0
-6463533
       0
-6660473
       0
-6847949
       0
-7025694
       0
-7193454
       0
-7350992
       0
-7498084
       0
-7634521
       0
-7760109
       0
-7874669
       0
-7978039
       0
-8070072
       0
-8150637
       0
-8219619
       0
-8276921
       0
-8322460
       0
-8356173
       0
-8378012
       0
-8387945
       0
-8385958
       0
-8372054
       0
-8346253
       0
-8308592
       0
-8259123
       0
-8197918
       0
-8125063
       0
-8040663
       0
-7944835
       0
-7837718
       0
-7719463
       0
-7590239
       0
-7450228
       0
-7299630
       0
-7138658
       0
-6967543
       0
-6786526
       0
-6595865
       0
-6395831
       0
-6186708
       0
-5968793
       0
-5742397
       0
-5507840
       0
-5265456
       0
-5015590
       0
-4758596
       0
-4494840
       0
-4224697
       0
-3948550
       0
-3666792
       0
-3379824
       0
-3088052
       0
-2791892
       0
-2491765
       0
-2188097
       0
-1881319
       0
-1571868
       0
-1260183
       0
 -946708
       0
 -631887
       0
 -316168
       0
       0
       0
  316168
       0
  631887
       0
  946708
       0
 1260183
       0
 1571868
       0
 1881319
       0
 2188097
       0
 2491765
       0
 2791892
       0
 3088052
       0
 3379824
       0
 3666792
       0
 3948550
       0
 4224697
       0
 4494840
       0
 4758596
       0
 5015590
       0
 5265456
       0
 5507840
       0
 5742397
       0
 5968793
       0
 6186708
       0
 6395831
       0
 6595865
       0
 6786526
       0
 6967543
       0
 7138658
       0
 7299630
       0
 7450228
       0
 7590239
       0
 7719463
       0
 7837718
       0
 7944835
       0
 8040663
       0
 8125063
       0
 8197918
       0
 8259123
       0
 8308592
       0
 8346253
       0
 8372054
       0
 8385958
       0
 8387945
       0
 8378012
       0
 8356173
       0
 8322460
       0
 8276921
       0
 8219619
       0
 8150637
       0
 8070072
       0
 7978039
       0
 7874669
       0
 7760109
       0
 7634521
       0
 7498084
       0
 7350992
       0
 7193454
       0
 7025694
       0
 6847949
       0
 6660473
       0
 6463533
       0
 6257407
       0
 6042389
       0
 5818785
       0
 5586912
       0
 5347099
       0
 5099688
       0
 4845030
       0
 4583487
       0
 4315431
       0
 4041242
       0
 3761311
       0
 3476034
       0
 3185818
       0
 2891074
       0
 2592222
       0
 2289687
       0
 1983897
       0
 1675289
       0
 1364299
       0
 1051371
       0
  736949
       0
  421480
       0
  105412
       0
 -210806
       0
 -526725
       0
 -841895
       0
-1155869
       0
-1468200
       0
-1778444
       0
-2086162
       0
-2390915
       0
-2692270
       0
-2989799
       0
-3283080
       0
-3571695
       0
-3855235
       0
-4133296
       0
-4405484
       0
-4671411
       0
-4930699
       0
-5182981
       0
-5427898
       0
-5665102
       0
-5894254
       0
-6115031
       0
-6327118
       0
-6530214
       0
-6724030
       0
-6908291
       0
-7082735
       0
-7247114
       0
-7401194
       0
-7544757
       0
-7677599
       0
-7799530
       0
-7910377
       0
-8009983
       0
-8098207
       0
-8174923
       0
-8240022
       0
-8293411
       0
-8335015
       0
-8364774
       0
-8382647
       0
-8388607
       0
-8382647
       0
-8364774
       0
-8335015
       0
-8293411
       0
-8240022
       0
-8174923
       0
-8098207
       0
-8009983
       0
-7910377
       0
-7799530
       0
-7677599
       0
-7544757
       0
-7401194
       0
-7247114
       0
-7082735
       0
-6908291
       0
-6724030
       0
-6530214
       0
-6327118
       0
-6115031
       0
-5894254
       0
-5665102
       0
-5427898
       0
-5182981
       0
-4930699
       0
-4671411
       0
-4405484
       0
-4133296
       0
-3855235
       0
-3571695
       0
-3283080
       0
-2989799
       0
-2692270
       0
-2390915
       0
-2086162
       0
-1778444
       0
-1468200
       0
-1155869
       0
 -841895
       0
 -526725
       0
 -210806
       0
  105412
       0
  421480
       0
  736949
       0
 1051371
       0
 1364299
       0
 1675289
       0
 1983897
       0
 2289687
       0
 2592222
       0
 2891074
       0
 3185818
       0
 3476034
       0
 3761311
       0
 4041242
       0
 4315431
       0
 4583487
       0
 4845030
       0
 5099688
       0
 5347099
       0
 5586912
       0
 5818785
       0
 6042389
       0
 6257407
       0
 6463533
       0
 6660473
       0
 6847949
       0
 7025694
       0
 7193454
       0
 7350992
       0
 7498084
       0
 7634521
       0
 7760109
       0
 7874669
       0
 7978039
       0
 8070072
       0
 8150637
       0
 8219619
       0
 8276921
       0
 8322460
       0
 8356173
       0
 8378012
       0
 8387945
       0
 8385958
       0
 8372054
       0
 8346253
       0
 8308592
       0
 8259123
       0
 8197918
       0
 8125063
       0
 8040663
       0
 7944835
       0
 7837718
       0
 7719463
       0
 7590239
       0
 7450228
       0
 7299630
       0
 7138658
       0
 6967543
       0
 6786526
       0
 6595865
       0
 6395831
       0
 6186708
       0
 5968793
       0
 5742397
       0
 5507840
       0
 5265456
       0
 5015590
       0
 4758596
       0
 4494840
       0
 4224697
       0
 3948550
       0
 3666792
       0
 3379824
       0
 3088052
       0
 2791892
       0
 2491765
       0
 2188097
       0
 1881319
       0
 1571868
       0
 1260183
       0
  946708
       0
  631887
       0
  316168
       0
       0
       0
 -316168
       0
 -631887
       0
 -946708
       0
-1260183
       0
-1571868
       0
-1881319
       0
-2188097
       0
-2491765
       0
-2791892
       0
-3088052
       0
-3379824
       0
-3666792
       0
-3948550
       0
-4224697
       0
-4494840
       0
-4758596
       0
-5015590
       0
-5265456
       0
-5507840
       0
-5742397
       0
-5968793
       0
-6186708
       0
-6395831
       0
-6595865
       0
-6786526
       0
-6967543
       0
-7138658
       0
-7299630
       0
-7450228
       0
-7590239
       0
-7719463
       0
-7837718
       0
-7944835
       0
-8040663
       0
-8125063
       0
-8197918
       0
-8259123
       0
-8308592
       0
-8346253
       0
-8372054
       0
-8385958
       0
-8387945
       0
-8378012
       0
-8356173
       0
-8322460
       0
-8276921
       0
-8219619
       0
-8150637
       0
-8070072
       0
-7978039
       0
-7874669
       0
-7760109
       0
-7634521
       0
-7498084
       0
-7350992
       0
-7193454
       0
-7025694
       0
-6847949
       0
-6660473
       0
-6463533
       0
-6257407
       0
-6042389
       0
-5818785
       0
-5586912
       0
-5347099
       0
-5099688
       0
-4845030
       0
-4583487
       0
-4315431
       0
-4041242
       0
-3761311
       0
-3476034
       0
-3185818
       0
-2891074
       0
-2592222
       0
-2289687
       0
-1983897
       0
-1675289
       0
-1364299
       0
-1051371
       0
 -736949
       0
 -421480
       0
 -105412
       0
  210806
       0
  526725
       0
  841895
       0
 1155869
       0
 1468200
       0
 1778444
       0
 2086162
       0
 2390915
       0
 2692270
       0
 2989799
       0
 3283080
       0
 3571695
       0
 3855235
       0
 4133296
       0
 4405484
       0
 4671411
       0
 4930699
       0
 5182981
       0
 5427898
       0
 5665102
       0
 5894254
       0
 6115031
       0
 6327118
       0
 6530214
       0
 6724030
       0
 6908291
       0
 7082735
       0
 7247114
       0
 7401194
       0
 7544757
       0
 7677599
       0
 7799530
       0
 7910377
       0
 8009983
       0
 8098207
       0
 8174923
       0
 8240022
       0
 8293411
       0
 8335015
       0
 8364774
       0
 8382647
       0
 8388607
       0
 8382647
       0
 8364774
       0
 8335015
       0
 8293411
       0
 8240022
       0
 8174923
       0
 8098207
       0
 8009983
       0
 7910377
       0
 7799530
       0
 7677599
       0
 7544757
       0
 7401194
       0
 7247114
       0
 7082735
       0
 6908291
       0
 6724030
       0
 6530214
       0
 6327118
       0
 6115031
       0
 5894254
       0
 5665102
       0
 5427898
       0
 5182981
       0
 4930699
       0
 4671411
       0
 4405484
       0
 4133296
       0
 3855235
       0
 3571695
       0
 3283080
       0
 2989799
       0
 2692270
       0
 2390915
       0
 2086162
       0
 1778444
       0
 1468200
       0
 1155869
       0
  841895
       0
  526725
       0
  210806
       0
 -105412
       0
 -421480
       0
 -736949
       0
-1051371
       0
-1364299
       0
-1675289
       0
-1983897
       0
-2289687
       0
-2592222
       0
-2891074
       0
-3185818
       0
-3476034
       0
-3761311
       0
-4041242
       0
-4315431
       0
-4583487
       0
-4845030
       0
-5099688
       0
-5347099
       0
-5586912
       0
-5818785
       0
-6042389
       0
-6257407
       0
-6463533
       0
-6660473
       0
-6847949
       0
-7025694
       0
-7193454
       0
-7350992
       0
-7498084
       0
-7634521
       0
-7760109
       0
-7874669
       0
-7978039
       0
-8070072
       0
-8150637
       0
-8219619
       0
-8276921
       0
-8322460
       0
-8356173
       0
-8378012
       0
-8387945
       0
-8385958
       0
-8372054
       0
-8346253
       0
-8308592
       0
-8259123
       0
-8197918
       0
-8125063
       0
-8040663
       0
-7944835
       0
-7837718
       0
-7719463
       0
-7590239
       0
-7450228
       0
-7299630
       0
-7138658
       0
-6967543
       0
-6786526
       0
-6595865
       0
-6395831
       0
-6186708
       0
-5968793
       0
-5742397
       0
-5507840
       0
-5265456
       0
-5015590
       0
-4758596
       0
-4494840
       0
-4224697
       0
-3948550
       0
-3666792
       0
-3379824
       0
-3088052
       0
-2791892
       0
-2491765
       0
-2188097
       0
-1881319
       0
-1571868
       0
-1260183
       0
 -946708
       0
 -631887
       0
 -316168
       0
       0
       0
  316168
       0
  631887
       0
  946708
       0
 1260183
       0
 1571868
       0
 1881319
       0
 2188097
       0
 2491765
       0
 2791892
       0
 3088052
       0
 3379824
       0
 3666792
       0
 3948550
       0
 4224697
       0
 4494840
       0
 4758596
       0
 5015590
       0
 5265456
       0
 5507840
       0
 5742397
       0
 5968793
       0
 6186708
       0
 6395831
       0
 6595865
       0
 6786526
       0
 6967543
       0
 7138658
       0
 7299630
       0
 7450228
       0
 7590239
       0
 7719463
       0
 7837718
       0
 7944835
       0
 8040663
       0
 8125063
       0
 8197918
       0
 8259123
       0
 8308592
       0
 8346253
       0
 8372054
       0
 8385958
       0
 8387945
       0
 8378012
       0
 8356173
       0
 8322460
       0
 8276921
       0
 8219619
       0
 8150637
       0
 8070072
       0
 7978039
       0
 7874669
       0
 7760109
       0
 7634521
       0
 7498084
       0
 7350992
       0
 7193454
       0
 7025694
       0
 6847949
       0
 6660473
       0
 6463533
       0
 6257407
       0
 6042389
       0
 5818785
       0
 5586912
       0
 5347099
       0
 5099688
       0
 4845030
       0
 4583487
       0
 4315431
       0
 4041242
       0
 3761311
       0
 3476034
       0
 3185818
       0
 2891074
       0
 2592222
       0
 2289687
       0
 1983897
       0
 1675289
       0
 1364299
       0
 1051371
       0
  736949
       0
  421480
       0
  105412
       0
 -210806
       0
 -526725
       0
 -841895
       0
-1155869
       0
-1468200
       0
-1778444
       0
-2086162
       0
-2390915
       0
-2692270
       0
-2989799
       0
-3283080
       0
-3571695
       0
-3855235
       0
-4133296
       0
-4405484
       0
-4671411
       0
-4930699
       0
-5182981
       0
-5427898
       0
-5665102
       0
-5894254
       0
-6115031
       0
-6327118
       0
-6530214
       0
-6724030
       0
-6908291
       0
-7082735
       0
-7247114
       0
-7401194
       0
-7544757
       0
-7677599
       0
-7799530
       0
-7910377
       0
-8009983
       0
-8098207
       0
-8174923
       0
-8240022
       0
-8293411
       0
-8335015
       0
-8364774
       0
-8382647
       0
-8388607
       0
-8382647
       0
-8364774
       0
-8335015
       0
-8293411
       0
-8240022
       0
-8174923
       0
-8098207
       0
-8009983
       0
-7910377
       0
-7799530
       0
-7677599
       0
-7544757
       0
-7401194
       0
-7247114
       0
-7082735
       0
-6908291
       0
-6724030
       0
-6530214
       0
-6327118
       0
-6115031
       0
-5894254
       0
-5665102
       0
-5427898
       0
-5182981
       0
-4930699
       0
-4671411
       0
-4405484
       0
-4133296
       0
-3855235
       0
-3571695
       0
-3283080
       0
-2989799
       0
-2692270
       0
-2390915
       0
-2086162
       0
-1778444
       0
-1468200
       0
-1155869
       0
 -841895
       0
 -526725
       0
 -210806
       0
  105412
       0
  421480
       0
  736949
       0
 1051371
       0
 1364299
       0
 1675289
       0
 1983897
       0
 2289687
       0
 2592222
       0
 2891074
       0
 3185818
       0
 3476034
       0
 3761311
       0
 4041242
       0
 4315431
       0
 4583487
       0
 4845030
       0
 5099688
       0
 5347099
       0
 5586912
       0
 5818785
       0
 6042389
       0
 6257407
       0
 6463533
       0
 6660473
       0
 6847949
       0
 7025694
       0
 7193454
       0
 7350992
       0
 7498084
       0
 7634521
       0
 7760109
       0
 7874669
       0
 7978039
       0
 8070072
       0
 8150637
       0
 8219619
       0
 8276921
       0
 8322460
       0
 8356173
       0
 8378012
       0
 8387945
       0
 8385958
       0
 8372054
       0
 8346253
       0
 8308592
       0
 8259123
       0
 8197918
       0
 8125063
       0
 8040663
       0
 7944835
       0
 7837718
       0
 7719463
       0
 7590239
       0
 7450228
       0
 7299630
       0
 7138658
       0
 6967543
       0
 6786526
       0
 6595865
       0
 6395831
       0
 6186708
       0
 5968793
       0
 5742397
       0
 5507840
       0
 5265456
       0
 5015590
       0
 4758596
       0
 4494840
       0
 4224697
       0
 3948550
       0
 3666792
       0
 3379824
       0
 3088052
       0
 2791892
       0
 2491765
       0
 2188097
       0
 1881319
       0
 1571868
       0
 1260183
       0
  946708
       0
  631887
       0
  316168
       0
       0
       0
 -316168
       0
 -631887
       0
 -946708
       0
-1260183
       0
-1571868
       0
-1881319
       0
-2188097
       0
-2491765
       0
-2791892
       0
-3088052
       0
-3379824
       0
-3666792
       0
-3948550
       0
-4224697
       0
-4494840
       0
-4758596
       0
-5015590
       0
-5265456
       0
-5507840
       0
-5742397
       0
-5968793
       0
-6186708
       0
-6395831
       0
-6595865
       0
-6786526
       0
-6967543
       0
-7138658
       0
-7299630
       0
-7450228
       0
-7590239
       0
-7719463
       0
-7837718
       0
-7944835
       0
-8040663
       0
-8125063
       0
-8197918
       0
-8259123
       0
-8308592
       0
-8346253
       0
-8372054
       0
-8385958
       0
-8387945
       0
-8378012
       0
-8356173
       0
-8322460
       0
-8276921
       0
-8219619
       0
-8150637
       0
-8070072
       0
-7978039
       0
-7874669
       0
-7760109
       0
-7634521
       0
-7498084
       0
-7350992
       0
-7193454
       0
-7025694
       0
-6847949
       0
-6660473
       0
-6463533
       0
-6257407
       0
-6042389
       0
-5818785
       0
-5586912
       0
-5347099
       0
-5099688
       0
-4845030
       0
-4583487
       0
-4315431
       0
-4041242
       0
-3761311
       0
-3476034
       0
-3185818
       0
-2891074
       0
-2592222
       0
-2289687
       0
-1983897
       0
-1675289
       0
-1364299
       0
-1051371
       0
 -736949
       0
 -421480
       0
 -105412
       0
  210806
       0
  526725
       0
  841895
       0
 1155869
       0
 1468200
       0
 1778444
       0
 2086162
       0
 2390915
       0
 2692270
       0
 2989799
       0
 3283080
       0
 3571695
       0
 3855235
       0
 4133296
       0
 4405484
       0
 4671411
       0
 4930699
       0
 5182981
       0
 5427898
       0
 5665102
       0
 5894254
       0
 6115031
       0
 6327118
       0
 6530214
       0
 6724030
       0
 6908291
       0
 7082735
       0
 7247114
       0
 7401194
       0
 7544757
       0
 7677599
       0
 7799530
       0
 7910377
       0
 8009983
       0
 8098207
       0
 8174923
       0
 8240022
       0
 8293411
       0
 8335015
       0
 8364774
       0
 8382647
       0
 8388607
       0
 8382647
       0
 8364774
       0
 8335015
       0
 8293411
       0
 8240022
       0
 8174923
       0
 8098207
       0
 8009983
       0
 7910377
       0
 7799530
       0
 7677599
       0
 7544757
       0
 7401194
       0
 7247114
       0
 7082735
       0
 6908291
       0
 6724030
       0
 6530214
       0
 6327118
       0
 6115031
       0
 5894254
       0
 5665102
       0
 5427898
       0
 5182981
       0
 4930699
       0
 4671411
       0
 4405484
       0
 4133296
       0
 3855235
       0
 3571695
       0
 3283080
       0
 2989799
       0
 2692270
       0
 2390915
       0
 2086162
       0
 1778444
       0
 1468200
       0
 1155869
       0
  841895
       0
  526725
       0
  210806
       0
 -105412
       0
 -421480
       0
 -736949
       0
-1051371
       0
-1364299
       0
-1675289
       0
-1983897
       0
-2289687
       0
-2592222
       0
-2891074
       0
-3185818
       0
-3476034
       0
-3761311
       0
-4041242
       0
-4315431
       0
-4583487
       0
-4845030
       0
-5099688
       0
-5347099
       0
-5586912
       0
-5818785
       0
-6042389
       0
-6257407
       0
-6463533
       0
-6660473
       0
-6847949
       0
-7025694
       0
-7193454
       0
-7350992
       0
-7498084
       0
-7634521
       0
-7760109
       0
-7874669
       0
-7978039
       0
-8070072
       0
-8150637
       0
-8219619
       0
-8276921
       0
-8322460
       0
-8356173
       0
-8378012
       0
-8387945
       0
-8385958
       0
-8372054
       0
-8346253
       0
-8308592
       0
-8259123
       0
-8197918
       0
-8125063
       0
-8040663
       0
-7944835
       0
-7837718
       0
-7719463
       0
-7590239
       0
-7450228
       0
-7299630
       0
-7138658
       0
-6967543
       0
-6786526
       0
-6595865
       0
-6395831
       0
-6186708
       0
-5968793
       0
-5742397
       0
-5507840
       0
-5265456
       0
-5015590
       0
-4758596
       0
-4494840
       0
-4224697
       0
-3948550
       0
-3666792
       0
-3379824
       0
-3088052
       0
-2791892
       0
-2491765
       0
-2188097
       0
-1881319
       0
-1571868
       0
-1260183
       0
 -946708
       0
 -631887
       0
 -316168
       0
       0
       0
  316168
       0
  631887
       0
  946708
       0
 1260183
       0
 1571868
       0
 1881319
       0
 2188097
       0
 2491765
       0
 2791892
       0
 3088052
       0
 3379824
       0
 3666792
       0
 3948550
       0
 4224697
       0
 4494840
       0
 4758596
       0
 5015590
       0
 5265456
       0
 5507840
       0
 5742397
       0
 5968793
       0
 6186708
       0
 6395831
       0
 6595865
       0
 6786526
       0
 6967543
       0
 7138658
       0
 7299630
       0
 7450228
       0
 7590239
       0
 7719463
       0
 7837718
       0
 7944835
       0
 8040663
       0
 8125063
       0
 8197918
       0
 8259123
       0
 8308592
       0
 8346253
       0
 8372054
       0
 8385958
       0
 8387945
       0
 8378012
       0
 8356173
       0
 8322460
       0
 8276921
       0
 8219619
       0
 8150637
       0
 8070072
       0
 7978039
       0
 7874669
       0
 7760109
       0
 7634521
       0
 7498084
       0
 7350992
       0
 7193454
       0
 7025694
       0
 6847949
       0
 6660473
       0
 6463533
       0
 6257407
       0
 6042389
       0
 5818785
       0
 5586912
       0
 5347099
       0
 5099688
       0
 4845030
       0
 4583487
       0
 4315431
       0
 4041242
       0
 3761311
       0
 3476034
       0
 3185818
       0
 2891074
       0
 2592222
       0
 2289687
       0
 1983897
       0
 1675289
       0
 1364299
       0
 1051371
       0
  736949
       0
  421480
       0
  105412
       0
 -210806
       0
 -526725
       0
 -841895
       0
-1155869
       0
-1468200
       0
-1778444
       0
-2086162
       0
-2390915
       0
-2692270
       0
-2989799
       0
-3283080
       0
-3571695
       0
-3855235
       0
-4133296
       0
-4405484
       0
-4671411
       0
-4930699
       0
-5182981
       0
-5427898
       0
-5665102
       0
-5894254
       0
-6115031
       0
-6327118
       0
-6530214
       0
-6724030
       0
-6908291
       0
-7082735
       0
-7247114
       0
-7401194
       0
-7544757
       0
-7677599
       0
-7799530
       0
-7910377
       0
-8009983
       0
-8098207
       0
-8174923
       0
-8240022
       0
-8293411
       0
-8335015
       0
-8364774
       0
-8382647
       0
-8388607
       0
-8382647
       0
-8364774
       0
-8335015
       0
-8293411
       0
-8240022
       0
-8174923
       0
-8098207
       0
-8009983
       0
-7910377
       0
-7799530
       0
-7677599
       0
-7544757
       0
-7401194
       0
-7247114
       0
-7082735
       0
-6908291
       0
-6724030
       0
-6530214
       0
-6327118
       0
-6115031
       0
-5894254
       0
-5665102
       0
-5427898
       0
-5182981
       0
-4930699
       0
-4671411
       0
-4405484
       0
-4133296
       0
-3855235
       0
-3571695
       0
-3283080
       0
-2989799
       0
-2692270
       0
-2390915
       0
-2086162
       0
-1778444
       0
-1468200
       0
-1155869
       0
 -841895
       0
 -526725
       0
 -210806
       0
  105412
       0
  421480
       0
  736949
       0
 1051371
       0
 1364299
       0
 1675289
       0
 1983897
       0
 2289687
       0
 2592222
       0
 2891074
       0
 3185818
       0
 3476034
       0
 3761311
       0
 4041242
       0
 4315431
       0
 4583487
       0
 4845030
       0
 5099688
       0
 5347099
       0
 5586912
       0
 5818785
       0
 6042389
       0
 6257407
       0
 6463533
       0
 6660473
       0
 6847949
       0
 7025694
       0
 7193454
       0
 7350992
       0
 7498084
       0
 7634521
       0
 7760109
       0
 7874669
       0
 7978039
       0
 8070072
       0
 8150637
       0
 8219619
       0
 8276921
       0
 8322460
       0
 8356173
       0
 8378012
       0
 8387945
       0
 8385958
       0
 8372054
       0
 8346253
       0
 8308592
       0
 8259123
       0
 8197918
       0
 8125063
       0
 8040663
       0
 7944835
       0
 7837718
       0
 7719463
       0
 7590239
       0
 7450228
       0
 7299630
       0
 7138658
       0
 6967543
       0
 6786526
       0
 6595865
       0
 6395831
       0
 6186708
       0
 5968793
       0
 5742397
       0
 5507840
       0
 5265456
       0
 5015590
       0
 4758596
       0
 4494840
       0
 4224697
       0
 3948550
       0
 3666792
       0
 3379824
       0
 3088052
       0
 2791892
       0
 2491765
       0
 2188097
       0
 1881319
       0
 1571868
       0
 1260183
       0
  946708
       0
  631887
       0
  316168
       0
       0
       0
 -316168
       0
 -631887
       0
 -946708
       0
-1260183
       0
-1571868
       0
-1881319
       0
-2188097
       0
-2491765
       0
-2791892
       0
-3088052
       0
-3379824
       0
-3666792
       0
-3948550
       0
-4224697
       0
-4494840
       0
-4758596
       0
-5015590
       0
-5265456
       0
-5507840
       0
-5742397
       0
-5968793
       0
-6186708
       0
-6395831
       0
-6595865
       0
-6786526
       0
-6967543
       0
-7138658
       0
-7299630
       0
-7450228
       0
-7590239
       0
-7719463
       0
-7837718
       0
-7944835
       0
-8040663
       0
-8125063
       0
-8197918
       0
-8259123
       0
-8308592
       0
-8346253
       0
-8372054
       0
-8385958
       0
-8387945
       0
-8378012
       0
-8356173
       0
-8322460
       0
-8276921
       0
-8219619
       0
-8150637
       0
-8070072
       0
-7978039
       0
-7874669
       0
-7760109
       0
-7634521
       0
-7498084
       0
-7350992
       0
-7193454
       0
-7025694
       0
-6847949
       0
-6660473
       0
-6463533
       0
-6257407
       0
-6042389
       0
-5818785
       0
-5586912
       0
-5347099
       0
-5099688
       0
-4845030
       0
-4583487
       0
-4315431
       0
-4041242
       0
-3761311
       0
-3476034
       0
-3185818
       0
-2891074
       0
-2592222
       0
-2289687
       0
-1983897
       0
-1675289
       0
-1364299
       0
-1051371
       0
 -736949
       0
 -421480
       0
 -105412
       0
  210806
       0
  526725
       0
  841895
       0
 1155869
       0
 1468200
       0
 1778444
       0
 2086162
       0
 2390915
       0
 2692270
       0
 2989799
       0
 3283080
       0
 3571695
       0
 3855235
       0
 4133296
       0
 4405484
       0
 4671411
       0
 4930699
       0
 5182981
       0
 5427898
       0
 5665102
       0
 5894254
       0
 6115031
       0
 6327118
       0
 6530214
       0
 6724030
       0
 6908291
       0
 7082735
       0
 7247114
       0
 7401194
       0
 7544757
       0
 7677599
       0
 7799530
       0
 7910377
       0
 8009983
       0
 8098207
       0
 8174923
       0
 8240022
       0
 8293411
       0
 8335015
       0
 8364774
       0
 8382647
       0
;