       0
       0
       0
       0
       0
       0
       0
     -21
     281
   -1879
    8015
  -25058
   64172
 -165049
  821745
 7173830
 5435939
  614771
-4124460
-7522513
-8225218
-6036389
-1714745
 3211776
 7004770
 8325536
 6707929
 2722860
-2223202
-6384619
-8292684
-7273972
-3688023
 1199557
 5663770
 8129041
 7725289
 4595013
 -157003
-4853609
-7837208
-8054784
-5429548
 -888036
 3966894
 7421768
 8257242
 6178445
 1919060
-3017629
-6889293
-8329486
-6829915
-2919830
 2020764
 6248159
 8270361
 7373663
 3874542
 -992040
-5508498
-8080816
-7801134
-4768161
  -52339
 4681954
 7763822
 8105566
 5586572
 1095882
-3781583
-7324398
-8282178
-6316890
-2122153
 2821565
 6769454
 8328166
 6947577
 3114946
-1817059
-6107762
-8242824
-7468707
-4058624
  783887
 5349736
 8027477
 7872041
 4938286
  261638
-4507352
-7685542
-8151237
-5740078
-1303047
 3593874
 7222391
 8301874
 6451335
 2323895
-2623729
-6645349
-8321595
-7060861
-3308105
 1612196
 5963497
 8210071
 7559024
 4240133
 -575248
-5187606
-7969077
-7937985
-5105303
 -470782
 4329893
 7602397
 8191751
 5889948
 1509378
-3403906
-7115833
-8316337
-6581716
-2524180
 2424226
 6517038
 8309759
 7169676
 3499163
-1406325
-5815475
-8172141
